0 0 8
1 0 8
2 0 8
3 0 8
4 0 8
5 0 8
6 0 8
7 0 8
8 0 8
9 0 8
10 0 8
11 0 8
12 0 8
13 0 8
14 0 8
15 0 8
16 0 8
17 0 8
18 0 8
19 0 8
20 0 8
21 0 8
22 0 8
23 0 8
24 0 8
25 0 8
26 0 8
27 0 8
28 0 8
29 0 8
30 0 8
31 0 8
32 0 8
33 0 8
34 0 8
35 0 8
36 0 8
37 0 8
38 0 8
39 0 8
40 0 8
41 0 8
42 0 8
43 0 8
44 0 8
45 0 8
46 0 8
47 0 7
48 0 8
49 0 7
50 0 6
51 0 8
52 0 7
53 0 7
54 0 8
55 0 8
56 0 8
57 0 8
58 0 8
59 0 8
60 0 8
61 0 8
62 0 8
63 0 8
64 0 8
65 0 8
66 0 8
67 0 8
68 0 8
69 0 8
70 0 8
71 0 8
72 0 8
73 0 8
74 0 8
75 0 8
76 0 8
77 0 8
78 0 8
79 0 8
80 0 8
81 0 8
82 0 8
83 0 8
84 0 8
85 0 8
86 0 8
87 0 8
88 0 8
89 0 8
90 0 8
91 0 8
92 0 8
93 0 8
94 0 8
95 0 8
96 0 8
97 0 8
98 0 8
99 0 8
0 1 8
1 1 8
2 1 8
3 1 8
4 1 8
5 1 8
6 1 8
7 1 8
8 1 8
9 1 8
10 1 8
11 1 8
12 1 8
13 1 8
14 1 8
15 1 8
16 1 8
17 1 8
18 1 8
19 1 8
20 1 8
21 1 8
22 1 8
23 1 8
24 1 8
25 1 8
26 1 8
27 1 8
28 1 8
29 1 8
30 1 8
31 1 8
32 1 8
33 1 8
34 1 8
35 1 8
36 1 8
37 1 8
38 1 8
39 1 8
40 1 8
41 1 8
42 1 8
43 1 8
44 1 8
45 1 8
46 1 8
47 1 8
48 1 7
49 1 3
50 1 2
51 1 6
52 1 8
53 1 7
54 1 8
55 1 8
56 1 8
57 1 8
58 1 8
59 1 8
60 1 8
61 1 8
62 1 8
63 1 8
64 1 8
65 1 8
66 1 8
67 1 8
68 1 8
69 1 8
70 1 8
71 1 8
72 1 8
73 1 8
74 1 8
75 1 8
76 1 8
77 1 8
78 1 8
79 1 8
80 1 8
81 1 8
82 1 8
83 1 8
84 1 8
85 1 8
86 1 8
87 1 8
88 1 8
89 1 8
90 1 8
91 1 8
92 1 8
93 1 8
94 1 8
95 1 8
96 1 8
97 1 8
98 1 8
99 1 8
0 2 8
1 2 8
2 2 8
3 2 8
4 2 8
5 2 8
6 2 8
7 2 8
8 2 8
9 2 8
10 2 8
11 2 8
12 2 8
13 2 8
14 2 8
15 2 8
16 2 8
17 2 8
18 2 8
19 2 8
20 2 8
21 2 8
22 2 8
23 2 8
24 2 8
25 2 8
26 2 8
27 2 8
28 2 8
29 2 8
30 2 8
31 2 8
32 2 8
33 2 8
34 2 8
35 2 8
36 2 8
37 2 8
38 2 8
39 2 8
40 2 8
41 2 8
42 2 8
43 2 8
44 2 8
45 2 8
46 2 7
47 2 8
48 2 3
49 2 2
50 2 4
51 2 3
52 2 6
53 2 8
54 2 7
55 2 8
56 2 8
57 2 8
58 2 8
59 2 8
60 2 8
61 2 8
62 2 8
63 2 8
64 2 8
65 2 8
66 2 8
67 2 8
68 2 8
69 2 8
70 2 8
71 2 8
72 2 8
73 2 8
74 2 8
75 2 8
76 2 8
77 2 8
78 2 8
79 2 8
80 2 8
81 2 8
82 2 8
83 2 8
84 2 8
85 2 8
86 2 8
87 2 8
88 2 8
89 2 8
90 2 8
91 2 8
92 2 8
93 2 8
94 2 8
95 2 8
96 2 8
97 2 8
98 2 8
99 2 8
0 3 8
1 3 8
2 3 8
3 3 8
4 3 8
5 3 8
6 3 8
7 3 8
8 3 8
9 3 8
10 3 8
11 3 8
12 3 8
13 3 8
14 3 8
15 3 8
16 3 8
17 3 8
18 3 8
19 3 8
20 3 8
21 3 8
22 3 8
23 3 8
24 3 8
25 3 8
26 3 8
27 3 8
28 3 8
29 3 8
30 3 8
31 3 8
32 3 8
33 3 8
34 3 8
35 3 8
36 3 8
37 3 8
38 3 8
39 3 8
40 3 8
41 3 8
42 3 8
43 3 8
44 3 7
45 3 7
46 3 8
47 3 4
48 3 2
49 3 4
50 3 6
51 3 4
52 3 3
53 3 6
54 3 8
55 3 7
56 3 8
57 3 8
58 3 8
59 3 8
60 3 8
61 3 8
62 3 8
63 3 8
64 3 8
65 3 8
66 3 8
67 3 8
68 3 8
69 3 8
70 3 8
71 3 8
72 3 8
73 3 8
74 3 8
75 3 8
76 3 8
77 3 8
78 3 8
79 3 8
80 3 8
81 3 8
82 3 8
83 3 8
84 3 8
85 3 8
86 3 8
87 3 8
88 3 8
89 3 8
90 3 8
91 3 8
92 3 8
93 3 8
94 3 8
95 3 8
96 3 8
97 3 8
98 3 8
99 3 8
0 4 8
1 4 8
2 4 8
3 4 8
4 4 8
5 4 8
6 4 8
7 4 8
8 4 8
9 4 8
10 4 8
11 4 8
12 4 8
13 4 8
14 4 8
15 4 8
16 4 8
17 4 8
18 4 8
19 4 8
20 4 8
21 4 8
22 4 8
23 4 8
24 4 8
25 4 8
26 4 8
27 4 8
28 4 8
29 4 8
30 4 8
31 4 8
32 4 8
33 4 8
34 4 8
35 4 8
36 4 8
37 4 8
38 4 8
39 4 8
40 4 8
41 4 8
42 4 8
43 4 7
44 4 8
45 4 8
46 4 4
47 4 2
48 4 4
49 4 5
50 4 6
51 4 5
52 4 4
53 4 3
54 4 6
55 4 8
56 4 7
57 4 8
58 4 8
59 4 8
60 4 8
61 4 8
62 4 8
63 4 8
64 4 8
65 4 8
66 4 8
67 4 8
68 4 8
69 4 8
70 4 8
71 4 8
72 4 8
73 4 8
74 4 8
75 4 8
76 4 8
77 4 8
78 4 8
79 4 8
80 4 8
81 4 8
82 4 8
83 4 8
84 4 8
85 4 8
86 4 8
87 4 8
88 4 8
89 4 8
90 4 8
91 4 8
92 4 8
93 4 8
94 4 8
95 4 8
96 4 8
97 4 8
98 4 8
99 4 8
0 5 8
1 5 8
2 5 8
3 5 8
4 5 8
5 5 8
6 5 8
7 5 8
8 5 8
9 5 8
10 5 8
11 5 8
12 5 8
13 5 8
14 5 8
15 5 8
16 5 8
17 5 8
18 5 8
19 5 8
20 5 8
21 5 8
22 5 8
23 5 8
24 5 8
25 5 8
26 5 8
27 5 8
28 5 8
29 5 8
30 5 8
31 5 8
32 5 8
33 5 8
34 5 8
35 5 8
36 5 8
37 5 8
38 5 8
39 5 8
40 5 8
41 5 8
42 5 7
43 5 8
44 5 8
45 5 3
46 5 2
47 5 4
48 5 5
49 5 6
50 5 3
51 5 6
52 5 5
53 5 4
54 5 3
55 5 5
56 5 8
57 5 7
58 5 7
59 5 8
60 5 8
61 5 8
62 5 8
63 5 8
64 5 8
65 5 8
66 5 8
67 5 8
68 5 8
69 5 8
70 5 8
71 5 8
72 5 8
73 5 8
74 5 8
75 5 8
76 5 8
77 5 8
78 5 8
79 5 8
80 5 8
81 5 8
82 5 8
83 5 8
84 5 8
85 5 8
86 5 8
87 5 8
88 5 8
89 5 8
90 5 8
91 5 8
92 5 8
93 5 8
94 5 8
95 5 8
96 5 8
97 5 8
98 5 8
99 5 8
0 6 8
1 6 8
2 6 8
3 6 8
4 6 8
5 6 8
6 6 8
7 6 8
8 6 8
9 6 8
10 6 8
11 6 8
12 6 8
13 6 8
14 6 8
15 6 8
16 6 8
17 6 8
18 6 8
19 6 8
20 6 8
21 6 8
22 6 8
23 6 8
24 6 8
25 6 8
26 6 8
27 6 8
28 6 8
29 6 8
30 6 8
31 6 8
32 6 8
33 6 8
34 6 8
35 6 8
36 6 8
37 6 8
38 6 8
39 6 8
40 6 8
41 6 7
42 6 8
43 6 7
44 6 3
45 6 3
46 6 4
47 6 5
48 6 7
49 6 2
50 6 1
51 6 2
52 6 7
53 6 6
54 6 4
55 6 3
56 6 5
57 6 8
58 6 8
59 6 7
60 6 8
61 6 8
62 6 8
63 6 8
64 6 8
65 6 8
66 6 8
67 6 8
68 6 8
69 6 8
70 6 8
71 6 8
72 6 8
73 6 8
74 6 8
75 6 8
76 6 8
77 6 8
78 6 8
79 6 8
80 6 8
81 6 8
82 6 8
83 6 8
84 6 8
85 6 8
86 6 8
87 6 8
88 6 8
89 6 8
90 6 8
91 6 8
92 6 8
93 6 8
94 6 8
95 6 8
96 6 8
97 6 8
98 6 8
99 6 8
0 7 8
1 7 8
2 7 8
3 7 8
4 7 8
5 7 8
6 7 8
7 7 8
8 7 8
9 7 8
10 7 8
11 7 8
12 7 8
13 7 8
14 7 8
15 7 8
16 7 8
17 7 8
18 7 8
19 7 8
20 7 8
21 7 8
22 7 8
23 7 8
24 7 8
25 7 8
26 7 8
27 7 8
28 7 8
29 7 8
30 7 8
31 7 8
32 7 8
33 7 8
34 7 8
35 7 8
36 7 8
37 7 8
38 7 8
39 7 8
40 7 7
41 7 8
42 7 6
43 7 2
44 7 3
45 7 4
46 7 6
47 7 6
48 7 4
49 7 1
50 7 1
51 7 1
52 7 4
53 7 6
54 7 6
55 7 4
56 7 3
57 7 4
58 7 7
59 7 8
60 7 7
61 7 8
62 7 8
63 7 8
64 7 8
65 7 8
66 7 8
67 7 8
68 7 8
69 7 8
70 7 8
71 7 8
72 7 8
73 7 8
74 7 8
75 7 8
76 7 8
77 7 8
78 7 8
79 7 8
80 7 8
81 7 8
82 7 8
83 7 8
84 7 8
85 7 8
86 7 8
87 7 8
88 7 8
89 7 8
90 7 8
91 7 8
92 7 8
93 7 8
94 7 8
95 7 8
96 7 8
97 7 8
98 7 8
99 7 8
0 8 8
1 8 8
2 8 8
3 8 8
4 8 8
5 8 8
6 8 8
7 8 8
8 8 8
9 8 8
10 8 8
11 8 8
12 8 8
13 8 8
14 8 8
15 8 8
16 8 8
17 8 8
18 8 8
19 8 8
20 8 8
21 8 8
22 8 8
23 8 8
24 8 8
25 8 8
26 8 8
27 8 8
28 8 8
29 8 8
30 8 8
31 8 8
32 8 8
33 8 8
34 8 8
35 8 8
36 8 8
37 8 8
38 8 8
39 8 7
40 8 8
41 8 5
42 8 2
43 8 4
44 8 5
45 8 6
46 8 6
47 8 4
48 8 5
49 8 2
50 8 0
51 8 2
52 8 6
53 8 4
54 8 6
55 8 6
56 8 5
57 8 3
58 8 3
59 8 7
60 8 8
61 8 7
62 8 8
63 8 8
64 8 8
65 8 8
66 8 8
67 8 8
68 8 8
69 8 8
70 8 8
71 8 8
72 8 8
73 8 8
74 8 8
75 8 8
76 8 8
77 8 8
78 8 8
79 8 8
80 8 8
81 8 8
82 8 8
83 8 8
84 8 8
85 8 8
86 8 8
87 8 8
88 8 8
89 8 8
90 8 8
91 8 8
92 8 8
93 8 8
94 8 8
95 8 8
96 8 8
97 8 8
98 8 8
99 8 8
0 9 8
1 9 8
2 9 8
3 9 8
4 9 8
5 9 8
6 9 8
7 9 8
8 9 8
9 9 8
10 9 8
11 9 8
12 9 8
13 9 8
14 9 8
15 9 8
16 9 8
17 9 8
18 9 8
19 9 8
20 9 8
21 9 8
22 9 8
23 9 8
24 9 8
25 9 8
26 9 8
27 9 8
28 9 8
29 9 8
30 9 8
31 9 8
32 9 8
33 9 8
34 9 8
35 9 8
36 9 8
37 9 7
38 9 7
39 9 8
40 9 4
41 9 2
42 9 4
43 9 5
44 9 7
45 9 5
46 9 5
47 9 5
48 9 5
49 9 6
50 9 1
51 9 6
52 9 6
53 9 5
54 9 5
55 9 5
56 9 7
57 9 5
58 9 4
59 9 3
60 9 6
61 9 8
62 9 7
63 9 8
64 9 8
65 9 8
66 9 8
67 9 8
68 9 8
69 9 8
70 9 8
71 9 8
72 9 8
73 9 8
74 9 8
75 9 8
76 9 8
77 9 8
78 9 8
79 9 8
80 9 8
81 9 8
82 9 8
83 9 8
84 9 8
85 9 8
86 9 8
87 9 8
88 9 8
89 9 8
90 9 8
91 9 8
92 9 8
93 9 8
94 9 8
95 9 8
96 9 8
97 9 8
98 9 8
99 9 8
0 10 8
1 10 8
2 10 8
3 10 8
4 10 8
5 10 8
6 10 8
7 10 8
8 10 8
9 10 8
10 10 8
11 10 8
12 10 8
13 10 8
14 10 8
15 10 8
16 10 8
17 10 8
18 10 8
19 10 8
20 10 8
21 10 8
22 10 8
23 10 8
24 10 8
25 10 8
26 10 8
27 10 8
28 10 8
29 10 8
30 10 8
31 10 8
32 10 8
33 10 8
34 10 8
35 10 8
36 10 8
37 10 7
38 10 8
39 10 4
40 10 2
41 10 4
42 10 5
43 10 6
44 10 6
45 10 5
46 10 5
47 10 5
48 10 5
49 10 5
50 10 7
51 10 5
52 10 5
53 10 5
54 10 5
55 10 5
56 10 6
57 10 6
58 10 5
59 10 4
60 10 3
61 10 6
62 10 8
63 10 7
64 10 8
65 10 8
66 10 8
67 10 8
68 10 8
69 10 8
70 10 8
71 10 8
72 10 8
73 10 8
74 10 8
75 10 8
76 10 8
77 10 8
78 10 8
79 10 8
80 10 8
81 10 8
82 10 8
83 10 8
84 10 8
85 10 8
86 10 8
87 10 8
88 10 8
89 10 8
90 10 8
91 10 8
92 10 8
93 10 8
94 10 8
95 10 8
96 10 8
97 10 8
98 10 8
99 10 8
0 11 8
1 11 8
2 11 8
3 11 8
4 11 8
5 11 8
6 11 8
7 11 8
8 11 8
9 11 8
10 11 8
11 11 8
12 11 8
13 11 8
14 11 8
15 11 8
16 11 8
17 11 8
18 11 8
19 11 8
20 11 8
21 11 8
22 11 8
23 11 8
24 11 8
25 11 8
26 11 8
27 11 8
28 11 8
29 11 8
30 11 8
31 11 8
32 11 8
33 11 8
34 11 8
35 11 8
36 11 7
37 11 8
38 11 4
39 11 2
40 11 4
41 11 6
42 11 7
43 11 5
44 11 5
45 11 5
46 11 5
47 11 7
48 11 7
49 11 6
50 11 4
51 11 6
52 11 7
53 11 7
54 11 5
55 11 5
56 11 5
57 11 5
58 11 7
59 11 6
60 11 4
61 11 3
62 11 7
63 11 8
64 11 7
65 11 8
66 11 8
67 11 8
68 11 8
69 11 8
70 11 8
71 11 8
72 11 8
73 11 8
74 11 8
75 11 8
76 11 8
77 11 8
78 11 8
79 11 8
80 11 8
81 11 8
82 11 8
83 11 8
84 11 8
85 11 8
86 11 8
87 11 8
88 11 8
89 11 8
90 11 8
91 11 8
92 11 8
93 11 8
94 11 8
95 11 8
96 11 8
97 11 8
98 11 8
99 11 8
0 12 8
1 12 8
2 12 8
3 12 8
4 12 8
5 12 8
6 12 8
7 12 8
8 12 8
9 12 8
10 12 8
11 12 8
12 12 8
13 12 8
14 12 8
15 12 8
16 12 8
17 12 8
18 12 8
19 12 8
20 12 8
21 12 8
22 12 8
23 12 7
24 12 7
25 12 7
26 12 7
27 12 7
28 12 7
29 12 7
30 12 7
31 12 7
32 12 7
33 12 7
34 12 8
35 12 7
36 12 8
37 12 5
38 12 1
39 12 5
40 12 5
41 12 6
42 12 5
43 12 5
44 12 5
45 12 6
46 12 7
47 12 7
48 12 7
49 12 5
50 12 1
51 12 5
52 12 7
53 12 7
54 12 7
55 12 5
56 12 5
57 12 5
58 12 5
59 12 6
60 12 6
61 12 4
62 12 4
63 12 7
64 12 7
65 12 8
66 12 8
67 12 7
68 12 7
69 12 7
70 12 7
71 12 7
72 12 7
73 12 7
74 12 7
75 12 7
76 12 7
77 12 8
78 12 8
79 12 8
80 12 8
81 12 8
82 12 8
83 12 8
84 12 8
85 12 8
86 12 8
87 12 8
88 12 8
89 12 8
90 12 8
91 12 8
92 12 8
93 12 8
94 12 8
95 12 8
96 12 8
97 12 8
98 12 8
99 12 8
0 13 8
1 13 8
2 13 8
3 13 8
4 13 8
5 13 8
6 13 8
7 13 8
8 13 8
9 13 8
10 13 8
11 13 8
12 13 8
13 13 8
14 13 8
15 13 8
16 13 8
17 13 8
18 13 8
19 13 8
20 13 8
21 13 8
22 13 8
23 13 8
24 13 8
25 13 8
26 13 8
27 13 8
28 13 8
29 13 8
30 13 8
31 13 8
32 13 8
33 13 8
34 13 7
35 13 8
36 13 7
37 13 2
38 13 3
39 13 5
40 13 6
41 13 5
42 13 5
43 13 5
44 13 6
45 13 7
46 13 7
47 13 7
48 13 5
49 13 3
50 13 2
51 13 3
52 13 5
53 13 7
54 13 7
55 13 7
56 13 6
57 13 5
58 13 5
59 13 5
60 13 6
61 13 5
62 13 3
63 13 5
64 13 8
65 13 7
66 13 8
67 13 8
68 13 8
69 13 8
70 13 8
71 13 8
72 13 8
73 13 8
74 13 8
75 13 8
76 13 8
77 13 8
78 13 8
79 13 8
80 13 8
81 13 8
82 13 8
83 13 8
84 13 8
85 13 8
86 13 8
87 13 8
88 13 8
89 13 8
90 13 8
91 13 8
92 13 8
93 13 8
94 13 8
95 13 8
96 13 8
97 13 8
98 13 8
99 13 8
0 14 8
1 14 8
2 14 8
3 14 8
4 14 8
5 14 8
6 14 8
7 14 8
8 14 8
9 14 8
10 14 8
11 14 8
12 14 8
13 14 8
14 14 8
15 14 8
16 14 7
17 14 7
18 14 8
19 14 8
20 14 8
21 14 7
22 14 7
23 14 7
24 14 7
25 14 6
26 14 6
27 14 5
28 14 5
29 14 5
30 14 5
31 14 5
32 14 6
33 14 6
34 14 7
35 14 8
36 14 4
37 14 2
38 14 5
39 14 6
40 14 5
41 14 5
42 14 5
43 14 6
44 14 7
45 14 7
46 14 7
47 14 3
48 14 2
49 14 5
50 14 5
51 14 5
52 14 2
53 14 3
54 14 7
55 14 7
56 14 7
57 14 6
58 14 5
59 14 5
60 14 5
61 14 6
62 14 4
63 14 4
64 14 8
65 14 8
66 14 7
67 14 6
68 14 6
69 14 5
70 14 5
71 14 5
72 14 5
73 14 5
74 14 6
75 14 6
76 14 7
77 14 7
78 14 7
79 14 7
80 14 8
81 14 8
82 14 8
83 14 7
84 14 7
85 14 7
86 14 8
87 14 8
88 14 8
89 14 8
90 14 8
91 14 8
92 14 8
93 14 8
94 14 8
95 14 8
96 14 8
97 14 8
98 14 8
99 14 8
0 15 8
1 15 8
2 15 8
3 15 8
4 15 8
5 15 8
6 15 8
7 15 8
8 15 8
9 15 8
10 15 8
11 15 8
12 15 8
13 15 8
14 15 7
15 15 3
16 15 2
17 15 4
18 15 4
19 15 4
20 15 4
21 15 4
22 15 4
23 15 3
24 15 3
25 15 3
26 15 3
27 15 3
28 15 4
29 15 4
30 15 4
31 15 4
32 15 3
33 15 3
34 15 4
35 15 5
36 15 2
37 15 3
38 15 6
39 15 6
40 15 5
41 15 5
42 15 6
43 15 7
44 15 7
45 15 7
46 15 4
47 15 0
48 15 1
49 15 5
50 15 6
51 15 5
52 15 1
53 15 0
54 15 4
55 15 7
56 15 7
57 15 7
58 15 6
59 15 5
60 15 5
61 15 5
62 15 6
63 15 3
64 15 6
65 15 6
66 15 3
67 15 3
68 15 3
69 15 4
70 15 4
71 15 4
72 15 4
73 15 3
74 15 3
75 15 3
76 15 3
77 15 3
78 15 4
79 15 4
80 15 4
81 15 4
82 15 4
83 15 4
84 15 3
85 15 6
86 15 8
87 15 8
88 15 8
89 15 8
90 15 8
91 15 8
92 15 8
93 15 8
94 15 8
95 15 8
96 15 8
97 15 8
98 15 8
99 15 8
0 16 8
1 16 8
2 16 8
3 16 8
4 16 8
5 16 8
6 16 8
7 16 8
8 16 8
9 16 8
10 16 8
11 16 8
12 16 8
13 16 8
14 16 7
15 16 1
16 16 3
17 16 5
18 16 4
19 16 4
20 16 4
21 16 4
22 16 4
23 16 5
24 16 5
25 16 5
26 16 6
27 16 5
28 16 6
29 16 6
30 16 6
31 16 6
32 16 6
33 16 5
34 16 5
35 16 3
36 16 2
37 16 4
38 16 6
39 16 6
40 16 5
41 16 5
42 16 7
43 16 7
44 16 7
45 16 7
46 16 2
47 16 0
48 16 1
49 16 7
50 16 8
51 16 7
52 16 1
53 16 0
54 16 2
55 16 6
56 16 7
57 16 7
58 16 7
59 16 5
60 16 5
61 16 6
62 16 6
63 16 3
64 16 3
65 16 4
66 16 5
67 16 5
68 16 6
69 16 6
70 16 6
71 16 6
72 16 6
73 16 5
74 16 6
75 16 5
76 16 5
77 16 5
78 16 4
79 16 4
80 16 4
81 16 4
82 16 5
83 16 5
84 16 3
85 16 7
86 16 8
87 16 8
88 16 8
89 16 8
90 16 8
91 16 8
92 16 8
93 16 8
94 16 8
95 16 8
96 16 8
97 16 8
98 16 8
99 16 8
0 17 8
1 17 8
2 17 8
3 17 8
4 17 8
5 17 8
6 17 8
7 17 8
8 17 8
9 17 8
10 17 8
11 17 8
12 17 8
13 17 8
14 17 7
15 17 2
16 17 2
17 17 5
18 17 6
19 17 6
20 17 6
21 17 7
22 17 6
23 17 6
24 17 6
25 17 6
26 17 6
27 17 6
28 17 5
29 17 6
30 17 6
31 17 5
32 17 6
33 17 6
34 17 6
35 17 6
36 17 4
37 17 5
38 17 6
39 17 5
40 17 5
41 17 6
42 17 7
43 17 7
44 17 7
45 17 7
46 17 2
47 17 0
48 17 2
49 17 6
50 17 5
51 17 6
52 17 2
53 17 0
54 17 2
55 17 7
56 17 7
57 17 7
58 17 7
59 17 6
60 17 5
61 17 5
62 17 6
63 17 5
64 17 4
65 17 6
66 17 6
67 17 6
68 17 6
69 17 5
70 17 6
71 17 6
72 17 5
73 17 6
74 17 6
75 17 6
76 17 6
77 17 6
78 17 6
79 17 7
80 17 6
81 17 6
82 17 6
83 17 5
84 17 3
85 17 7
86 17 8
87 17 7
88 17 8
89 17 8
90 17 8
91 17 8
92 17 8
93 17 8
94 17 8
95 17 8
96 17 8
97 17 8
98 17 8
99 17 8
0 18 8
1 18 8
2 18 8
3 18 8
4 18 8
5 18 8
6 18 8
7 18 8
8 18 8
9 18 8
10 18 8
11 18 8
12 18 8
13 18 8
14 18 7
15 18 2
16 18 2
17 18 5
18 18 6
19 18 3
20 18 3
21 18 3
22 18 5
23 18 4
24 18 5
25 18 5
26 18 5
27 18 5
28 18 5
29 18 5
30 18 5
31 18 5
32 18 5
33 18 5
34 18 5
35 18 7
36 18 6
37 18 4
38 18 5
39 18 5
40 18 5
41 18 6
42 18 7
43 18 7
44 18 6
45 18 6
46 18 4
47 18 5
48 18 4
49 18 4
50 18 5
51 18 5
52 18 4
53 18 5
54 18 4
55 18 6
56 18 6
57 18 7
58 18 7
59 18 6
60 18 5
61 18 5
62 18 6
63 18 4
64 18 6
65 18 7
66 18 5
67 18 5
68 18 5
69 18 5
70 18 5
71 18 5
72 18 5
73 18 5
74 18 5
75 18 5
76 18 5
77 18 4
78 18 5
79 18 3
80 18 3
81 18 3
82 18 6
83 18 5
84 18 3
85 18 7
86 18 8
87 18 8
88 18 8
89 18 8
90 18 8
91 18 8
92 18 8
93 18 8
94 18 8
95 18 8
96 18 8
97 18 8
98 18 8
99 18 8
0 19 8
1 19 8
2 19 8
3 19 8
4 19 8
5 19 8
6 19 8
7 19 8
8 19 8
9 19 8
10 19 8
11 19 8
12 19 8
13 19 8
14 19 7
15 19 2
16 19 3
17 19 5
18 19 6
19 19 2
20 19 0
21 19 0
22 19 4
23 19 6
24 19 5
25 19 5
26 19 5
27 19 5
28 19 5
29 19 5
30 19 5
31 19 6
32 19 5
33 19 5
34 19 5
35 19 5
36 19 6
37 19 5
38 19 5
39 19 6
40 19 5
41 19 5
42 19 6
43 19 6
44 19 5
45 19 5
46 19 5
47 19 5
48 19 5
49 19 5
50 19 5
51 19 5
52 19 5
53 19 5
54 19 5
55 19 5
56 19 5
57 19 6
58 19 6
59 19 5
60 19 5
61 19 6
62 19 5
63 19 5
64 19 6
65 19 5
66 19 5
67 19 5
68 19 5
69 19 5
70 19 6
71 19 6
72 19 5
73 19 5
74 19 5
75 19 5
76 19 5
77 19 5
78 19 4
79 19 0
80 19 0
81 19 2
82 19 6
83 19 4
84 19 4
85 19 7
86 19 8
87 19 8
88 19 8
89 19 8
90 19 8
91 19 8
92 19 8
93 19 8
94 19 8
95 19 8
96 19 8
97 19 8
98 19 8
99 19 8
0 20 8
1 20 8
2 20 8
3 20 8
4 20 8
5 20 8
6 20 8
7 20 8
8 20 8
9 20 8
10 20 8
11 20 8
12 20 8
13 20 8
14 20 7
15 20 2
16 20 2
17 20 5
18 20 6
19 20 2
20 20 0
21 20 0
22 20 3
23 20 6
24 20 5
25 20 7
26 20 7
27 20 7
28 20 7
29 20 7
30 20 7
31 20 7
32 20 7
33 20 6
34 20 6
35 20 5
36 20 5
37 20 7
38 20 4
39 20 6
40 20 5
41 20 5
42 20 5
43 20 5
44 20 5
45 20 5
46 20 5
47 20 5
48 20 5
49 20 6
50 20 6
51 20 6
52 20 5
53 20 5
54 20 5
55 20 5
56 20 5
57 20 5
58 20 5
59 20 5
60 20 5
61 20 6
62 20 4
63 20 7
64 20 5
65 20 5
66 20 5
67 20 6
68 20 7
69 20 7
70 20 7
71 20 7
72 20 7
73 20 7
74 20 7
75 20 7
76 20 5
77 20 6
78 20 3
79 20 0
80 20 0
81 20 2
82 20 6
83 20 5
84 20 3
85 20 7
86 20 8
87 20 8
88 20 8
89 20 8
90 20 8
91 20 8
92 20 8
93 20 8
94 20 8
95 20 8
96 20 8
97 20 8
98 20 8
99 20 8
0 21 8
1 21 8
2 21 8
3 21 8
4 21 8
5 21 8
6 21 8
7 21 8
8 21 8
9 21 8
10 21 8
11 21 8
12 21 8
13 21 8
14 21 7
15 21 2
16 21 3
17 21 5
18 21 6
19 21 4
20 21 3
21 21 2
22 21 4
23 21 6
24 21 7
25 21 7
26 21 7
27 21 7
28 21 7
29 21 7
30 21 7
31 21 7
32 21 7
33 21 7
34 21 6
35 21 6
36 21 5
37 21 6
38 21 6
39 21 6
40 21 5
41 21 4
42 21 6
43 21 5
44 21 5
45 21 5
46 21 5
47 21 5
48 21 5
49 21 4
50 21 4
51 21 4
52 21 5
53 21 5
54 21 5
55 21 6
56 21 5
57 21 5
58 21 6
59 21 4
60 21 5
61 21 6
62 21 6
63 21 6
64 21 5
65 21 5
66 21 6
67 21 7
68 21 7
69 21 7
70 21 7
71 21 7
72 21 7
73 21 7
74 21 7
75 21 7
76 21 7
77 21 6
78 21 4
79 21 2
80 21 3
81 21 4
82 21 6
83 21 4
84 21 3
85 21 7
86 21 8
87 21 8
88 21 8
89 21 8
90 21 8
91 21 8
92 21 8
93 21 8
94 21 8
95 21 8
96 21 8
97 21 8
98 21 8
99 21 8
0 22 8
1 22 8
2 22 8
3 22 8
4 22 8
5 22 8
6 22 8
7 22 8
8 22 8
9 22 8
10 22 8
11 22 8
12 22 8
13 22 8
14 22 7
15 22 2
16 22 3
17 22 5
18 22 6
19 22 4
20 22 6
21 22 6
22 22 6
23 22 5
24 22 5
25 22 6
26 22 6
27 22 5
28 22 4
29 22 5
30 22 7
31 22 7
32 22 7
33 22 7
34 22 7
35 22 5
36 22 4
37 22 5
38 22 5
39 22 3
40 22 6
41 22 5
42 22 5
43 22 5
44 22 5
45 22 4
46 22 4
47 22 6
48 22 3
49 22 2
50 22 2
51 22 2
52 22 3
53 22 6
54 22 4
55 22 4
56 22 5
57 22 5
58 22 5
59 22 5
60 22 6
61 22 3
62 22 5
63 22 5
64 22 4
65 22 5
66 22 7
67 22 7
68 22 7
69 22 7
70 22 7
71 22 5
72 22 5
73 22 5
74 22 6
75 22 6
76 22 6
77 22 4
78 22 6
79 22 6
80 22 6
81 22 4
82 22 6
83 22 5
84 22 3
85 22 6
86 22 8
87 22 8
88 22 8
89 22 8
90 22 8
91 22 8
92 22 8
93 22 8
94 22 8
95 22 8
96 22 8
97 22 8
98 22 8
99 22 8
0 23 8
1 23 8
2 23 8
3 23 8
4 23 8
5 23 8
6 23 8
7 23 8
8 23 8
9 23 8
10 23 8
11 23 8
12 23 8
13 23 8
14 23 6
15 23 1
16 23 3
17 23 5
18 23 6
19 23 5
20 23 4
21 23 5
22 23 6
23 23 4
24 23 1
25 23 3
26 23 4
27 23 1
28 23 0
29 23 1
30 23 3
31 23 7
32 23 6
33 23 5
34 23 6
35 23 5
36 23 5
37 23 4
38 23 5
39 23 2
40 23 2
41 23 4
42 23 6
43 23 5
44 23 4
45 23 1
46 23 3
47 23 5
48 23 4
49 23 5
50 23 4
51 23 5
52 23 4
53 23 5
54 23 3
55 23 1
56 23 4
57 23 5
58 23 6
59 23 4
60 23 2
61 23 1
62 23 5
63 23 4
64 23 5
65 23 5
66 23 6
67 23 5
68 23 6
69 23 7
70 23 3
71 23 1
72 23 1
73 23 1
74 23 4
75 23 3
76 23 1
77 23 4
78 23 6
79 23 6
80 23 4
81 23 5
82 23 6
83 23 5
84 23 3
85 23 6
86 23 8
87 23 7
88 23 8
89 23 8
90 23 8
91 23 8
92 23 8
93 23 8
94 23 8
95 23 8
96 23 8
97 23 8
98 23 8
99 23 8
0 24 8
1 24 8
2 24 8
3 24 8
4 24 8
5 24 8
6 24 8
7 24 8
8 24 8
9 24 8
10 24 8
11 24 8
12 24 7
13 24 8
14 24 6
15 24 1
16 24 4
17 24 5
18 24 6
19 24 5
20 24 5
21 24 7
22 24 7
23 24 6
24 24 2
25 24 4
26 24 6
27 24 2
28 24 0
29 24 1
30 24 1
31 24 5
32 24 5
33 24 5
34 24 5
35 24 5
36 24 5
37 24 6
38 24 4
39 24 1
40 24 0
41 24 1
42 24 2
43 24 6
44 24 5
45 24 3
46 24 5
47 24 6
48 24 7
49 24 5
50 24 4
51 24 5
52 24 7
53 24 6
54 24 5
55 24 3
56 24 5
57 24 6
58 24 2
59 24 1
60 24 0
61 24 1
62 24 4
63 24 5
64 24 5
65 24 5
66 24 5
67 24 5
68 24 5
69 24 5
70 24 1
71 24 1
72 24 0
73 24 2
74 24 5
75 24 5
76 24 2
77 24 5
78 24 7
79 24 7
80 24 5
81 24 5
82 24 6
83 24 5
84 24 3
85 24 6
86 24 8
87 24 7
88 24 8
89 24 8
90 24 8
91 24 8
92 24 8
93 24 8
94 24 8
95 24 8
96 24 8
97 24 8
98 24 8
99 24 8
0 25 8
1 25 8
2 25 8
3 25 8
4 25 8
5 25 8
6 25 8
7 25 8
8 25 8
9 25 8
10 25 8
11 25 8
12 25 7
13 25 8
14 25 5
15 25 1
16 25 4
17 25 6
18 25 6
19 25 5
20 25 5
21 25 7
22 25 7
23 25 5
24 25 5
25 25 6
26 25 5
27 25 7
28 25 4
29 25 1
30 25 5
31 25 5
32 25 5
33 25 5
34 25 5
35 25 5
36 25 5
37 25 6
38 25 3
39 25 1
40 25 1
41 25 2
42 25 1
43 25 3
44 25 5
45 25 6
46 25 7
47 25 7
48 25 6
49 25 5
50 25 8
51 25 5
52 25 6
53 25 7
54 25 7
55 25 6
56 25 5
57 25 3
58 25 1
59 25 2
60 25 1
61 25 1
62 25 3
63 25 6
64 25 5
65 25 5
66 25 5
67 25 5
68 25 5
69 25 5
70 25 5
71 25 1
72 25 4
73 25 7
74 25 5
75 25 6
76 25 5
77 25 5
78 25 7
79 25 7
80 25 5
81 25 5
82 25 5
83 25 6
84 25 3
85 25 5
86 25 8
87 25 7
88 25 8
89 25 8
90 25 8
91 25 8
92 25 8
93 25 8
94 25 8
95 25 8
96 25 8
97 25 8
98 25 8
99 25 8
0 26 8
1 26 8
2 26 8
3 26 8
4 26 8
5 26 8
6 26 8
7 26 8
8 26 8
9 26 8
10 26 8
11 26 8
12 26 7
13 26 8
14 26 5
15 26 1
16 26 4
17 26 6
18 26 6
19 26 5
20 26 5
21 26 7
22 26 7
23 26 4
24 26 1
25 26 4
26 26 7
27 26 7
28 26 6
29 26 4
30 26 5
31 26 5
32 26 5
33 26 5
34 26 5
35 26 5
36 26 5
37 26 5
38 26 2
39 26 1
40 26 4
41 26 5
42 26 3
43 26 1
44 26 5
45 26 7
46 26 7
47 26 6
48 26 5
49 26 7
50 26 4
51 26 7
52 26 5
53 26 6
54 26 7
55 26 7
56 26 5
57 26 1
58 26 3
59 26 5
60 26 4
61 26 1
62 26 2
63 26 5
64 26 5
65 26 5
66 26 5
67 26 5
68 26 5
69 26 5
70 26 5
71 26 4
72 26 6
73 26 7
74 26 7
75 26 4
76 26 1
77 26 4
78 26 7
79 26 7
80 26 5
81 26 5
82 26 6
83 26 6
84 26 4
85 26 5
86 26 8
87 26 7
88 26 8
89 26 8
90 26 8
91 26 8
92 26 8
93 26 8
94 26 8
95 26 8
96 26 8
97 26 8
98 26 8
99 26 8
0 27 8
1 27 8
2 27 8
3 27 8
4 27 8
5 27 8
6 27 8
7 27 8
8 27 8
9 27 8
10 27 8
11 27 8
12 27 7
13 27 8
14 27 4
15 27 1
16 27 4
17 27 6
18 27 5
19 27 5
20 27 5
21 27 7
22 27 7
23 27 4
24 27 0
25 27 1
26 27 6
27 27 5
28 27 5
29 27 5
30 27 5
31 27 5
32 27 5
33 27 5
34 27 4
35 27 1
36 27 3
37 27 6
38 27 2
39 27 2
40 27 5
41 27 7
42 27 4
43 27 1
44 27 3
45 27 7
46 27 7
47 27 5
48 27 7
49 27 5
50 27 6
51 27 5
52 27 7
53 27 5
54 27 7
55 27 7
56 27 4
57 27 1
58 27 3
59 27 7
60 27 6
61 27 2
62 27 2
63 27 6
64 27 3
65 27 2
66 27 4
67 27 5
68 27 5
69 27 5
70 27 5
71 27 5
72 27 5
73 27 5
74 27 6
75 27 1
76 27 0
77 27 4
78 27 7
79 27 7
80 27 6
81 27 5
82 27 5
83 27 6
84 27 4
85 27 4
86 27 8
87 27 7
88 27 8
89 27 8
90 27 8
91 27 8
92 27 8
93 27 8
94 27 8
95 27 8
96 27 8
97 27 8
98 27 8
99 27 8
0 28 8
1 28 8
2 28 8
3 28 8
4 28 8
5 28 8
6 28 8
7 28 8
8 28 8
9 28 8
10 28 8
11 28 8
12 28 7
13 28 8
14 28 4
15 28 2
16 28 4
17 28 6
18 28 6
19 28 5
20 28 6
21 28 7
22 28 7
23 28 4
24 28 0
25 28 0
26 28 1
27 28 5
28 28 5
29 28 5
30 28 5
31 28 5
32 28 4
33 28 6
34 28 4
35 28 3
36 28 4
37 28 5
38 28 3
39 28 1
40 28 3
41 28 4
42 28 2
43 28 0
44 28 3
45 28 7
46 28 6
47 28 6
48 28 5
49 28 5
50 28 6
51 28 6
52 28 5
53 28 6
54 28 6
55 28 7
56 28 3
57 28 0
58 28 2
59 28 4
60 28 3
61 28 1
62 28 2
63 28 5
64 28 4
65 28 3
66 28 4
67 28 6
68 28 4
69 28 5
70 28 5
71 28 5
72 28 5
73 28 5
74 28 2
75 28 1
76 28 0
77 28 4
78 28 7
79 28 7
80 28 6
81 28 5
82 28 5
83 28 7
84 28 4
85 28 4
86 28 8
87 28 7
88 28 8
89 28 8
90 28 8
91 28 8
92 28 8
93 28 8
94 28 8
95 28 8
96 28 8
97 28 8
98 28 8
99 28 8
0 29 8
1 29 8
2 29 8
3 29 8
4 29 8
5 29 8
6 29 8
7 29 8
8 29 8
9 29 8
10 29 8
11 29 8
12 29 7
13 29 8
14 29 4
15 29 1
16 29 4
17 29 6
18 29 6
19 29 5
20 29 6
21 29 7
22 29 7
23 29 6
24 29 2
25 29 1
26 29 4
27 29 5
28 29 5
29 29 5
30 29 5
31 29 2
32 29 2
33 29 4
34 29 5
35 29 6
36 29 7
37 29 7
38 29 6
39 29 1
40 29 1
41 29 1
42 29 1
43 29 0
44 29 2
45 29 7
46 29 6
47 29 6
48 29 5
49 29 6
50 29 6
51 29 6
52 29 5
53 29 6
54 29 6
55 29 7
56 29 3
57 29 0
58 29 1
59 29 1
60 29 1
61 29 1
62 29 6
63 29 7
64 29 7
65 29 6
66 29 5
67 29 4
68 29 2
69 29 2
70 29 5
71 29 5
72 29 5
73 29 5
74 29 5
75 29 1
76 29 2
77 29 6
78 29 7
79 29 7
80 29 6
81 29 5
82 29 6
83 29 6
84 29 4
85 29 4
86 29 8
87 29 7
88 29 8
89 29 8
90 29 8
91 29 8
92 29 8
93 29 8
94 29 8
95 29 8
96 29 8
97 29 8
98 29 8
99 29 8
0 30 8
1 30 8
2 30 8
3 30 8
4 30 8
5 30 8
6 30 8
7 30 8
8 30 8
9 30 8
10 30 8
11 30 8
12 30 7
13 30 8
14 30 3
15 30 1
16 30 5
17 30 6
18 30 5
19 30 5
20 30 6
21 30 7
22 30 7
23 30 7
24 30 6
25 30 4
26 30 5
27 30 5
28 30 5
29 30 5
30 30 2
31 30 2
32 30 4
33 30 6
34 30 7
35 30 7
36 30 7
37 30 7
38 30 7
39 30 4
40 30 1
41 30 1
42 30 1
43 30 0
44 30 2
45 30 7
46 30 7
47 30 6
48 30 6
49 30 5
50 30 5
51 30 5
52 30 5
53 30 6
54 30 7
55 30 7
56 30 2
57 30 0
58 30 0
59 30 1
60 30 0
61 30 4
62 30 7
63 30 7
64 30 7
65 30 7
66 30 7
67 30 6
68 30 4
69 30 2
70 30 2
71 30 5
72 30 5
73 30 5
74 30 5
75 30 4
76 30 6
77 30 7
78 30 7
79 30 7
80 30 6
81 30 5
82 30 5
83 30 6
84 30 4
85 30 4
86 30 8
87 30 7
88 30 8
89 30 8
90 30 8
91 30 8
92 30 8
93 30 8
94 30 8
95 30 8
96 30 8
97 30 8
98 30 8
99 30 8
0 31 8
1 31 8
2 31 8
3 31 8
4 31 8
5 31 8
6 31 8
7 31 8
8 31 8
9 31 8
10 31 8
11 31 8
12 31 7
13 31 8
14 31 4
15 31 1
16 31 4
17 31 6
18 31 5
19 31 5
20 31 5
21 31 7
22 31 7
23 31 7
24 31 6
25 31 6
26 31 5
27 31 5
28 31 5
29 31 3
30 31 2
31 31 4
32 31 4
33 31 5
34 31 5
35 31 5
36 31 6
37 31 6
38 31 7
39 31 7
40 31 3
41 31 1
42 31 1
43 31 0
44 31 1
45 31 7
46 31 7
47 31 6
48 31 5
49 31 4
50 31 6
51 31 4
52 31 5
53 31 6
54 31 7
55 31 7
56 31 2
57 31 0
58 31 1
59 31 1
60 31 3
61 31 7
62 31 7
63 31 6
64 31 6
65 31 5
66 31 5
67 31 5
68 31 4
69 31 4
70 31 2
71 31 3
72 31 5
73 31 5
74 31 5
75 31 5
76 31 6
77 31 7
78 31 7
79 31 7
80 31 6
81 31 5
82 31 5
83 31 6
84 31 4
85 31 5
86 31 8
87 31 7
88 31 8
89 31 8
90 31 8
91 31 8
92 31 8
93 31 8
94 31 8
95 31 8
96 31 8
97 31 8
98 31 8
99 31 8
0 32 8
1 32 8
2 32 8
3 32 8
4 32 8
5 32 8
6 32 8
7 32 8
8 32 8
9 32 8
10 32 8
11 32 8
12 32 7
13 32 8
14 32 5
15 32 1
16 32 4
17 32 5
18 32 5
19 32 5
20 32 5
21 32 6
22 32 7
23 32 7
24 32 5
25 32 6
26 32 5
27 32 5
28 32 5
29 32 6
30 32 4
31 32 5
32 32 5
33 32 7
34 32 6
35 32 7
36 32 6
37 32 6
38 32 6
39 32 7
40 32 7
41 32 3
42 32 1
43 32 4
44 32 3
45 32 5
46 32 7
47 32 6
48 32 5
49 32 4
50 32 1
51 32 4
52 32 5
53 32 6
54 32 7
55 32 5
56 32 3
57 32 4
58 32 1
59 32 2
60 32 7
61 32 7
62 32 6
63 32 6
64 32 6
65 32 7
66 32 6
67 32 7
68 32 5
69 32 5
70 32 4
71 32 6
72 32 5
73 32 5
74 32 5
75 32 6
76 32 5
77 32 7
78 32 7
79 32 6
80 32 5
81 32 5
82 32 6
83 32 6
84 32 3
85 32 6
86 32 8
87 32 7
88 32 8
89 32 8
90 32 8
91 32 8
92 32 8
93 32 8
94 32 8
95 32 8
96 32 8
97 32 8
98 32 8
99 32 8
0 33 8
1 33 8
2 33 8
3 33 8
4 33 8
5 33 8
6 33 8
7 33 8
8 33 8
9 33 8
10 33 8
11 33 8
12 33 7
13 33 8
14 33 6
15 33 1
16 33 3
17 33 5
18 33 6
19 33 5
20 33 5
21 33 5
22 33 7
23 33 7
24 33 6
25 33 5
26 33 5
27 33 5
28 33 4
29 33 5
30 33 5
31 33 7
32 33 6
33 33 6
34 33 4
35 33 5
36 33 5
37 33 6
38 33 6
39 33 6
40 33 7
41 33 6
42 33 3
43 33 4
44 33 3
45 33 5
46 33 4
47 33 5
48 33 4
49 33 1
50 33 1
51 33 1
52 33 4
53 33 5
54 33 4
55 33 5
56 33 3
57 33 4
58 33 3
59 33 6
60 33 7
61 33 6
62 33 6
63 33 6
64 33 5
65 33 5
66 33 4
67 33 6
68 33 6
69 33 7
70 33 5
71 33 4
72 33 4
73 33 5
74 33 5
75 33 5
76 33 6
77 33 7
78 33 7
79 33 5
80 33 5
81 33 5
82 33 6
83 33 5
84 33 3
85 33 7
86 33 8
87 33 7
88 33 8
89 33 8
90 33 8
91 33 8
92 33 8
93 33 8
94 33 8
95 33 8
96 33 8
97 33 8
98 33 8
99 33 8
0 34 8
1 34 8
2 34 8
3 34 8
4 34 8
5 34 8
6 34 8
7 34 8
8 34 8
9 34 8
10 34 8
11 34 8
12 34 8
13 34 8
14 34 7
15 34 2
16 34 2
17 34 5
18 34 7
19 34 6
20 34 5
21 34 6
22 34 5
23 34 5
24 34 5
25 34 5
26 34 5
27 34 5
28 34 2
29 34 3
30 34 6
31 34 7
32 34 5
33 34 6
34 34 5
35 34 6
36 34 6
37 34 5
38 34 6
39 34 6
40 34 7
41 34 6
42 34 5
43 34 1
44 34 0
45 34 1
46 34 4
47 34 4
48 34 4
49 34 2
50 34 0
51 34 2
52 34 4
53 34 4
54 34 4
55 34 1
56 34 0
57 34 1
58 34 5
59 34 6
60 34 7
61 34 6
62 34 6
63 34 5
64 34 6
65 34 6
66 34 5
67 34 6
68 34 5
69 34 7
70 34 6
71 34 3
72 34 2
73 34 4
74 34 5
75 34 5
76 34 5
77 34 5
78 34 6
79 34 6
80 34 5
81 34 6
82 34 7
83 34 4
84 34 4
85 34 8
86 34 7
87 34 8
88 34 8
89 34 8
90 34 8
91 34 8
92 34 8
93 34 8
94 34 8
95 34 8
96 34 8
97 34 8
98 34 8
99 34 8
0 35 8
1 35 8
2 35 8
3 35 8
4 35 8
5 35 8
6 35 8
7 35 8
8 35 8
9 35 8
10 35 8
11 35 8
12 35 7
13 35 7
14 35 8
15 35 6
16 35 1
17 35 3
18 35 5
19 35 6
20 35 6
21 35 5
22 35 5
23 35 4
24 35 6
25 35 5
26 35 5
27 35 4
28 35 2
29 35 4
30 35 7
31 35 7
32 35 6
33 35 6
34 35 5
35 35 6
36 35 6
37 35 5
38 35 5
39 35 5
40 35 6
41 35 5
42 35 4
43 35 1
44 35 0
45 35 2
46 35 4
47 35 0
48 35 1
49 35 4
50 35 3
51 35 4
52 35 2
53 35 0
54 35 4
55 35 3
56 35 0
57 35 1
58 35 4
59 35 5
60 35 6
61 35 6
62 35 5
63 35 5
64 35 6
65 35 6
66 35 5
67 35 6
68 35 6
69 35 7
70 35 7
71 35 5
72 35 2
73 35 4
74 35 5
75 35 5
76 35 6
77 35 4
78 35 5
79 35 5
80 35 6
81 35 6
82 35 5
83 35 3
84 35 6
85 35 8
86 35 8
87 35 7
88 35 8
89 35 8
90 35 8
91 35 8
92 35 8
93 35 8
94 35 8
95 35 8
96 35 8
97 35 8
98 35 8
99 35 8
0 36 8
1 36 8
2 36 8
3 36 8
4 36 8
5 36 8
6 36 8
7 36 8
8 36 8
9 36 8
10 36 8
11 36 7
12 36 8
13 36 8
14 36 6
15 36 4
16 36 2
17 36 3
18 36 4
19 36 4
20 36 6
21 36 7
22 36 6
23 36 5
24 36 4
25 36 6
26 36 6
27 36 5
28 36 6
29 36 5
30 36 7
31 36 7
32 36 6
33 36 6
34 36 5
35 36 6
36 36 5
37 36 5
38 36 5
39 36 5
40 36 5
41 36 5
42 36 5
43 36 5
44 36 3
45 36 4
46 36 2
47 36 0
48 36 0
49 36 2
50 36 6
51 36 2
52 36 0
53 36 0
54 36 2
55 36 4
56 36 2
57 36 5
58 36 5
59 36 5
60 36 5
61 36 5
62 36 5
63 36 5
64 36 5
65 36 6
66 36 5
67 36 6
68 36 6
69 36 7
70 36 7
71 36 5
72 36 6
73 36 6
74 36 6
75 36 6
76 36 4
77 36 5
78 36 6
79 36 7
80 36 6
81 36 4
82 36 4
83 36 3
84 36 3
85 36 4
86 36 6
87 36 8
88 36 8
89 36 7
90 36 8
91 36 8
92 36 8
93 36 8
94 36 8
95 36 8
96 36 8
97 36 8
98 36 8
99 36 8
0 37 8
1 37 8
2 37 8
3 37 8
4 37 8
5 37 8
6 37 8
7 37 8
8 37 8
9 37 8
10 37 7
11 37 8
12 37 7
13 37 4
14 37 3
15 37 4
16 37 6
17 37 5
18 37 6
19 37 5
20 37 5
21 37 4
22 37 6
23 37 6
24 37 5
25 37 4
26 37 4
27 37 3
28 37 3
29 37 4
30 37 7
31 37 7
32 37 7
33 37 6
34 37 6
35 37 5
36 37 5
37 37 5
38 37 2
39 37 1
40 37 3
41 37 4
42 37 1
43 37 1
44 37 4
45 37 4
46 37 2
47 37 0
48 37 1
49 37 1
50 37 4
51 37 1
52 37 0
53 37 1
54 37 2
55 37 5
56 37 4
57 37 1
58 37 1
59 37 4
60 37 3
61 37 1
62 37 2
63 37 5
64 37 5
65 37 5
66 37 6
67 37 5
68 37 7
69 37 7
70 37 7
71 37 4
72 37 3
73 37 3
74 37 3
75 37 4
76 37 6
77 37 6
78 37 6
79 37 5
80 37 5
81 37 5
82 37 6
83 37 5
84 37 6
85 37 4
86 37 3
87 37 4
88 37 7
89 37 8
90 37 7
91 37 8
92 37 8
93 37 8
94 37 8
95 37 8
96 37 8
97 37 8
98 37 8
99 37 8
0 38 8
1 38 8
2 38 8
3 38 8
4 38 8
5 38 8
6 38 8
7 38 8
8 38 7
9 38 7
10 38 8
11 38 5
12 38 2
13 38 4
14 38 5
15 38 6
16 38 6
17 38 7
18 38 5
19 38 6
20 38 7
21 38 6
22 38 6
23 38 3
24 38 2
25 38 1
26 38 1
27 38 1
28 38 1
29 38 1
30 38 2
31 38 6
32 38 7
33 38 7
34 38 6
35 38 6
36 38 5
37 38 4
38 38 1
39 38 0
40 38 3
41 38 3
42 38 0
43 38 0
44 38 1
45 38 4
46 38 4
47 38 3
48 38 2
49 38 2
50 38 4
51 38 2
52 38 2
53 38 3
54 38 3
55 38 4
56 38 1
57 38 0
58 38 0
59 38 3
60 38 3
61 38 0
62 38 0
63 38 4
64 38 5
65 38 6
66 38 6
67 38 7
68 38 7
69 38 6
70 38 2
71 38 1
72 38 1
73 38 1
74 38 1
75 38 1
76 38 2
77 38 3
78 38 6
79 38 6
80 38 7
81 38 6
82 38 5
83 38 7
84 38 6
85 38 6
86 38 5
87 38 4
88 38 3
89 38 7
90 38 8
91 38 7
92 38 8
93 38 8
94 38 8
95 38 8
96 38 8
97 38 8
98 38 8
99 38 8
0 39 8
1 39 8
2 39 8
3 39 8
4 39 8
5 39 8
6 39 8
7 39 7
8 39 7
9 39 8
10 39 5
11 39 2
12 39 4
13 39 6
14 39 6
15 39 6
16 39 5
17 39 5
18 39 5
19 39 5
20 39 5
21 39 6
22 39 6
23 39 5
24 39 1
25 39 1
26 39 1
27 39 4
28 39 5
29 39 2
30 39 1
31 39 1
32 39 5
33 39 7
34 39 7
35 39 7
36 39 6
37 39 4
38 39 2
39 39 2
40 39 3
41 39 3
42 39 0
43 39 1
44 39 2
45 39 3
46 39 3
47 39 6
48 39 5
49 39 4
50 39 6
51 39 4
52 39 4
53 39 6
54 39 3
55 39 3
56 39 2
57 39 1
58 39 0
59 39 3
60 39 3
61 39 2
62 39 1
63 39 4
64 39 6
65 39 7
66 39 7
67 39 7
68 39 6
69 39 1
70 39 1
71 39 2
72 39 4
73 39 4
74 39 2
75 39 1
76 39 1
77 39 5
78 39 6
79 39 6
80 39 5
81 39 5
82 39 5
83 39 5
84 39 5
85 39 6
86 39 6
87 39 5
88 39 4
89 39 3
90 39 7
91 39 8
92 39 7
93 39 8
94 39 8
95 39 8
96 39 8
97 39 8
98 39 8
99 39 8
0 40 8
1 40 8
2 40 8
3 40 8
4 40 8
5 40 8
6 40 8
7 40 7
8 40 8
9 40 5
10 40 2
11 40 4
12 40 5
13 40 6
14 40 5
15 40 5
16 40 5
17 40 5
18 40 5
19 40 6
20 40 5
21 40 5
22 40 4
23 40 5
24 40 3
25 40 1
26 40 2
27 40 6
28 40 7
29 40 3
30 40 1
31 40 1
32 40 1
33 40 5
34 40 7
35 40 6
36 40 5
37 40 5
38 40 4
39 40 4
40 40 4
41 40 5
42 40 2
43 40 1
44 40 4
45 40 5
46 40 3
47 40 5
48 40 6
49 40 5
50 40 5
51 40 5
52 40 6
53 40 5
54 40 3
55 40 6
56 40 4
57 40 1
58 40 1
59 40 5
60 40 4
61 40 4
62 40 4
63 40 5
64 40 5
65 40 6
66 40 7
67 40 5
68 40 1
69 40 1
70 40 1
71 40 3
72 40 7
73 40 6
74 40 2
75 40 1
76 40 3
77 40 5
78 40 4
79 40 5
80 40 5
81 40 6
82 40 5
83 40 5
84 40 6
85 40 5
86 40 5
87 40 6
88 40 5
89 40 4
90 40 3
91 40 7
92 40 8
93 40 7
94 40 8
95 40 8
96 40 8
97 40 8
98 40 8
99 40 8
0 41 8
1 41 8
2 41 8
3 41 8
4 41 8
5 41 8
6 41 7
7 41 8
8 41 5
9 41 1
10 41 4
11 41 5
12 41 7
13 41 5
14 41 5
15 41 5
16 41 5
17 41 6
18 41 7
19 41 7
20 41 6
21 41 5
22 41 6
23 41 5
24 41 5
25 41 1
26 41 1
27 41 4
28 41 5
29 41 2
30 41 1
31 41 1
32 41 1
33 41 1
34 41 4
35 41 5
36 41 5
37 41 4
38 41 1
39 41 0
40 41 1
41 41 3
42 41 4
43 41 3
44 41 4
45 41 6
46 41 5
47 41 5
48 41 6
49 41 5
50 41 5
51 41 5
52 41 6
53 41 5
54 41 5
55 41 6
56 41 4
57 41 3
58 41 4
59 41 3
60 41 1
61 41 1
62 41 0
63 41 4
64 41 4
65 41 5
66 41 4
67 41 1
68 41 1
69 41 1
70 41 1
71 41 2
72 41 4
73 41 4
74 41 1
75 41 1
76 41 5
77 41 5
78 41 6
79 41 5
80 41 6
81 41 7
82 41 7
83 41 6
84 41 5
85 41 5
86 41 5
87 41 5
88 41 7
89 41 5
90 41 4
91 41 3
92 41 7
93 41 8
94 41 8
95 41 8
96 41 8
97 41 8
98 41 8
99 41 8
0 42 8
1 42 8
2 42 8
3 42 8
4 42 8
5 42 7
6 42 8
7 42 6
8 42 1
9 42 4
10 42 5
11 42 6
12 42 5
13 42 5
14 42 5
15 42 6
16 42 7
17 42 7
18 42 7
19 42 7
20 42 6
21 42 5
22 42 5
23 42 5
24 42 5
25 42 4
26 42 2
27 42 1
28 42 1
29 42 1
30 42 0
31 42 1
32 42 1
33 42 4
34 42 4
35 42 2
36 42 2
37 42 4
38 42 0
39 42 1
40 42 1
41 42 1
42 42 4
43 42 6
44 42 4
45 42 6
46 42 6
47 42 5
48 42 6
49 42 5
50 42 6
51 42 5
52 42 6
53 42 5
54 42 6
55 42 6
56 42 4
57 42 6
58 42 5
59 42 1
60 42 1
61 42 1
62 42 0
63 42 5
64 42 2
65 42 2
66 42 4
67 42 4
68 42 1
69 42 1
70 42 1
71 42 1
72 42 1
73 42 1
74 42 1
75 42 5
76 42 6
77 42 5
78 42 5
79 42 5
80 42 6
81 42 7
82 42 7
83 42 7
84 42 7
85 42 6
86 42 5
87 42 5
88 42 5
89 42 6
90 42 5
91 42 3
92 42 4
93 42 8
94 42 7
95 42 8
96 42 8
97 42 8
98 42 8
99 42 8
0 43 8
1 43 8
2 43 8
3 43 8
4 43 7
5 43 8
6 43 7
7 43 2
8 43 3
9 43 5
10 43 7
11 43 6
12 43 5
13 43 5
14 43 6
15 43 7
16 43 7
17 43 7
18 43 7
19 43 5
20 43 5
21 43 5
22 43 5
23 43 5
24 43 4
25 43 6
26 43 4
27 43 3
28 43 2
29 43 2
30 43 2
31 43 1
32 43 1
33 43 4
34 43 2
35 43 0
36 43 0
37 43 4
38 43 2
39 43 0
40 43 2
41 43 3
42 43 4
43 43 5
44 43 5
45 43 5
46 43 6
47 43 5
48 43 5
49 43 4
50 43 5
51 43 4
52 43 5
53 43 5
54 43 6
55 43 5
56 43 5
57 43 5
58 43 4
59 43 3
60 43 2
61 43 0
62 43 2
63 43 4
64 43 1
65 43 0
66 43 2
67 43 4
68 43 1
69 43 1
70 43 1
71 43 1
72 43 2
73 43 3
74 43 4
75 43 6
76 43 4
77 43 5
78 43 5
79 43 5
80 43 5
81 43 5
82 43 7
83 43 7
84 43 7
85 43 7
86 43 6
87 43 5
88 43 5
89 43 6
90 43 7
91 43 5
92 43 3
93 43 5
94 43 8
95 43 7
96 43 7
97 43 8
98 43 8
99 43 8
0 44 8
1 44 8
2 44 8
3 44 8
4 44 8
5 44 8
6 44 3
7 44 2
8 44 4
9 44 6
10 44 5
11 44 5
12 44 5
13 44 5
14 44 7
15 44 7
16 44 7
17 44 7
18 44 7
19 44 6
20 44 5
21 44 5
22 44 5
23 44 4
24 44 1
25 44 3
26 44 6
27 44 7
28 44 7
29 44 7
30 44 7
31 44 6
32 44 5
33 44 4
34 44 4
35 44 0
36 44 2
37 44 3
38 44 5
39 44 3
40 44 4
41 44 6
42 44 6
43 44 5
44 44 5
45 44 6
46 44 5
47 44 4
48 44 5
49 44 5
50 44 5
51 44 5
52 44 5
53 44 4
54 44 5
55 44 6
56 44 5
57 44 5
58 44 5
59 44 6
60 44 4
61 44 3
62 44 5
63 44 3
64 44 2
65 44 0
66 44 4
67 44 4
68 44 5
69 44 6
70 44 7
71 44 7
72 44 7
73 44 7
74 44 6
75 44 3
76 44 2
77 44 4
78 44 6
79 44 5
80 44 5
81 44 5
82 44 7
83 44 7
84 44 7
85 44 7
86 44 7
87 44 5
88 44 5
89 44 5
90 44 5
91 44 6
92 44 4
93 44 3
94 44 6
95 44 8
96 44 7
97 44 8
98 44 8
99 44 8
0 45 8
1 45 8
2 45 8
3 45 7
4 45 8
5 45 3
6 45 2
7 45 4
8 45 6
9 45 7
10 45 4
11 45 5
12 45 5
13 45 7
14 45 7
15 45 7
16 45 5
17 45 3
18 45 3
19 45 5
20 45 5
21 45 5
22 45 5
23 45 4
24 45 2
25 45 5
26 45 7
27 45 7
28 45 7
29 45 7
30 45 7
31 45 7
32 45 7
33 45 6
34 45 4
35 45 4
36 45 5
37 45 3
38 45 3
39 45 4
40 45 3
41 45 4
42 45 6
43 45 6
44 45 5
45 45 5
46 45 4
47 45 5
48 45 4
49 45 3
50 45 5
51 45 3
52 45 4
53 45 5
54 45 4
55 45 5
56 45 5
57 45 6
58 45 6
59 45 4
60 45 3
61 45 4
62 45 3
63 45 3
64 45 5
65 45 4
66 45 4
67 45 6
68 45 7
69 45 7
70 45 7
71 45 7
72 45 7
73 45 7
74 45 7
75 45 5
76 45 3
77 45 4
78 45 5
79 45 5
80 45 5
81 45 5
82 45 3
83 45 3
84 45 5
85 45 7
86 45 7
87 45 7
88 45 5
89 45 5
90 45 5
91 45 6
92 45 6
93 45 4
94 45 3
95 45 6
96 45 8
97 45 7
98 45 8
99 45 8
0 46 8
1 46 8
2 46 7
3 46 8
4 46 4
5 46 2
6 46 4
7 46 5
8 46 6
9 46 4
10 46 5
11 46 5
12 46 7
13 46 7
14 46 7
15 46 4
16 46 1
17 46 0
18 46 1
19 46 5
20 46 5
21 46 5
22 46 5
23 46 6
24 46 4
25 46 6
26 46 7
27 46 6
28 46 5
29 46 6
30 46 6
31 46 6
32 46 6
33 46 6
34 46 5
35 46 4
36 46 1
37 46 0
38 46 1
39 46 3
40 46 5
41 46 5
42 46 5
43 46 5
44 46 6
45 46 4
46 46 5
47 46 5
48 46 2
49 46 1
50 46 2
51 46 1
52 46 2
53 46 5
54 46 5
55 46 4
56 46 6
57 46 5
58 46 5
59 46 5
60 46 5
61 46 4
62 46 1
63 46 0
64 46 1
65 46 4
66 46 5
67 46 6
68 46 7
69 46 6
70 46 6
71 46 6
72 46 5
73 46 6
74 46 7
75 46 6
76 46 4
77 46 6
78 46 5
79 46 5
80 46 5
81 46 5
82 46 1
83 46 0
84 46 1
85 46 4
86 46 7
87 46 7
88 46 7
89 46 5
90 46 5
91 46 4
92 46 6
93 46 5
94 46 4
95 46 3
96 46 7
97 46 8
98 46 7
99 46 8
0 47 8
1 47 7
2 47 8
3 47 5
4 47 2
5 47 4
6 47 5
7 47 7
8 47 5
9 47 5
10 47 5
11 47 6
12 47 7
13 47 7
14 47 5
15 47 1
16 47 1
17 47 1
18 47 1
19 47 5
20 47 5
21 47 5
22 47 5
23 47 4
24 47 4
25 47 7
26 47 6
27 47 5
28 47 7
29 47 6
30 47 5
31 47 6
32 47 5
33 47 5
34 47 5
35 47 3
36 47 0
37 47 0
38 47 1
39 47 3
40 47 5
41 47 6
42 47 6
43 47 6
44 47 4
45 47 5
46 47 4
47 47 3
48 47 2
49 47 5
50 47 3
51 47 5
52 47 2
53 47 3
54 47 3
55 47 5
56 47 4
57 47 6
58 47 6
59 47 6
60 47 5
61 47 3
62 47 1
63 47 0
64 47 0
65 47 3
66 47 5
67 47 5
68 47 5
69 47 6
70 47 5
71 47 6
72 47 7
73 47 5
74 47 6
75 47 7
76 47 4
77 47 4
78 47 5
79 47 5
80 47 5
81 47 5
82 47 1
83 47 1
84 47 1
85 47 1
86 47 5
87 47 7
88 47 7
89 47 6
90 47 4
91 47 5
92 47 5
93 47 7
94 47 5
95 47 4
96 47 3
97 47 7
98 47 8
99 47 7
0 48 8
1 48 8
2 48 5
3 48 2
4 48 4
5 48 5
6 48 6
7 48 3
8 48 1
9 48 4
10 48 7
11 48 5
12 48 7
13 48 6
14 48 4
15 48 4
16 48 4
17 48 6
18 48 5
19 48 4
20 48 5
21 48 6
22 48 3
23 48 2
24 48 5
25 48 6
26 48 5
27 48 7
28 48 5
29 48 5
30 48 6
31 48 5
32 48 4
33 48 5
34 48 1
35 48 4
36 48 3
37 48 1
38 48 1
39 48 2
40 48 4
41 48 5
42 48 5
43 48 6
44 48 4
45 48 5
46 48 1
47 48 1
48 48 4
49 48 4
50 48 3
51 48 4
52 48 4
53 48 2
54 48 1
55 48 5
56 48 4
57 48 6
58 48 5
59 48 5
60 48 4
61 48 2
62 48 1
63 48 1
64 48 3
65 48 4
66 48 1
67 48 4
68 48 4
69 48 5
70 48 6
71 48 5
72 48 5
73 48 7
74 48 5
75 48 6
76 48 5
77 48 2
78 48 3
79 48 6
80 48 5
81 48 4
82 48 5
83 48 6
84 48 4
85 48 4
86 48 4
87 48 5
88 48 7
89 48 5
90 48 7
91 48 4
92 48 1
93 48 3
94 48 6
95 48 5
96 48 4
97 48 3
98 48 7
99 48 8
0 49 7
1 49 4
2 49 2
3 49 5
4 49 6
5 49 6
6 49 3
7 49 1
8 49 1
9 49 0
10 49 2
11 49 7
12 49 4
13 49 1
14 49 2
15 49 6
16 49 6
17 49 8
18 49 5
19 49 5
20 49 5
21 49 6
22 49 4
23 49 2
24 49 4
25 49 5
26 49 7
27 49 4
28 49 6
29 49 6
30 49 6
31 49 5
32 49 5
33 49 1
34 49 1
35 49 1
36 49 4
37 49 5
38 49 3
39 49 5
40 49 5
41 49 5
42 49 5
43 49 6
44 49 4
45 49 5
46 49 5
47 49 2
48 49 4
49 49 2
50 49 0
51 49 2
52 49 4
53 49 2
54 49 4
55 49 5
56 49 4
57 49 6
58 49 5
59 49 5
60 49 5
61 49 5
62 49 3
63 49 5
64 49 4
65 49 1
66 49 1
67 49 1
68 49 5
69 49 5
70 49 6
71 49 6
72 49 6
73 49 4
74 49 7
75 49 5
76 49 4
77 49 3
78 49 3
79 49 5
80 49 5
81 49 5
82 49 5
83 49 8
84 49 6
85 49 6
86 49 2
87 49 1
88 49 4
89 49 7
90 49 2
91 49 0
92 49 1
93 49 1
94 49 3
95 49 6
96 49 6
97 49 4
98 49 2
99 49 6
0 50 6
1 50 1
2 50 2
3 50 4
4 50 5
5 50 6
6 50 5
7 50 1
8 50 1
9 50 1
10 50 5
11 50 6
12 50 5
13 50 3
14 50 3
15 50 6
16 50 6
17 50 7
18 50 6
19 50 5
20 50 5
21 50 6
22 50 3
23 50 2
24 50 5
25 50 5
26 50 6
27 50 6
28 50 5
29 50 6
30 50 6
31 50 5
32 50 5
33 50 3
34 50 0
35 50 2
36 50 4
37 50 3
38 50 2
39 50 3
40 50 5
41 50 5
42 50 5
43 50 5
44 50 4
45 50 5
46 50 3
47 50 2
48 50 5
49 50 2
50 50 1
51 50 2
52 50 5
53 50 2
54 50 3
55 50 5
56 50 4
57 50 5
58 50 5
59 50 5
60 50 5
61 50 3
62 50 2
63 50 3
64 50 4
65 50 2
66 50 0
67 50 2
68 50 5
69 50 5
70 50 6
71 50 6
72 50 5
73 50 6
74 50 6
75 50 5
76 50 5
77 50 2
78 50 3
79 50 6
80 50 5
81 50 5
82 50 6
83 50 7
84 50 6
85 50 6
86 50 3
87 50 3
88 50 5
89 50 6
90 50 5
91 50 1
92 50 1
93 50 1
94 50 5
95 50 6
96 50 5
97 50 3
98 50 4
99 50 7
0 51 8
1 51 6
2 51 2
3 51 1
4 51 3
5 51 4
6 51 6
7 51 6
8 51 3
9 51 6
10 51 6
11 51 5
12 51 7
13 51 7
14 51 4
15 51 3
16 51 2
17 51 3
18 51 3
19 51 4
20 51 5
21 51 6
22 51 4
23 51 2
24 51 5
25 51 7
26 51 5
27 51 6
28 51 6
29 51 5
30 51 5
31 51 5
32 51 5
33 51 5
34 51 3
35 51 5
36 51 2
37 51 0
38 51 1
39 51 2
40 51 4
41 51 6
42 51 6
43 51 6
44 51 4
45 51 5
46 51 2
47 51 1
48 51 2
49 51 5
50 51 4
51 51 5
52 51 2
53 51 1
54 51 2
55 51 5
56 51 4
57 51 6
58 51 6
59 51 6
60 51 4
61 51 2
62 51 1
63 51 0
64 51 2
65 51 5
66 51 3
67 51 5
68 51 5
69 51 5
70 51 5
71 51 5
72 51 6
73 51 6
74 51 5
75 51 7
76 51 5
77 51 2
78 51 4
79 51 5
80 51 5
81 51 4
82 51 3
83 51 3
84 51 2
85 51 2
86 51 4
87 51 7
88 51 7
89 51 5
90 51 6
91 51 6
92 51 3
93 51 5
94 51 6
95 51 4
96 51 3
97 51 5
98 51 8
99 51 8
0 52 7
1 52 8
2 52 7
3 52 2
4 52 1
5 52 3
6 52 4
7 52 6
8 52 6
9 52 4
10 52 4
11 52 6
12 52 7
13 52 7
14 52 6
15 52 2
16 52 0
17 52 0
18 52 1
19 52 5
20 52 5
21 52 5
22 52 5
23 52 6
24 52 4
25 52 6
26 52 7
27 52 5
28 52 6
29 52 7
30 52 6
31 52 6
32 52 6
33 52 5
34 52 6
35 52 3
36 52 0
37 52 1
38 52 1
39 52 4
40 52 6
41 52 6
42 52 6
43 52 5
44 52 5
45 52 4
46 52 5
47 52 4
48 52 2
49 52 3
50 52 2
51 52 3
52 52 2
53 52 4
54 52 5
55 52 4
56 52 4
57 52 5
58 52 6
59 52 6
60 52 6
61 52 4
62 52 1
63 52 1
64 52 0
65 52 3
66 52 6
67 52 5
68 52 6
69 52 6
70 52 6
71 52 7
72 52 6
73 52 5
74 52 7
75 52 7
76 52 4
77 52 6
78 52 5
79 52 5
80 52 5
81 52 6
82 52 1
83 52 0
84 52 0
85 52 2
86 52 6
87 52 7
88 52 7
89 52 6
90 52 4
91 52 4
92 52 5
93 52 7
94 52 4
95 52 3
96 52 5
97 52 8
98 52 7
99 52 7
0 53 7
1 53 7
2 53 8
3 53 7
4 53 2
5 53 1
6 53 4
7 53 4
8 53 6
9 53 6
10 53 5
11 53 5
12 53 6
13 53 7
14 53 7
15 53 6
16 53 2
17 53 1
18 53 1
19 53 4
20 53 5
21 53 5
22 53 5
23 53 5
24 53 4
25 53 6
26 53 7
27 53 7
28 53 6
29 53 6
30 53 6
31 53 6
32 53 7
33 53 6
34 53 4
35 53 5
36 53 2
37 53 1
38 53 1
39 53 3
40 53 3
41 53 4
42 53 5
43 53 6
44 53 6
45 53 4
46 53 5
47 53 5
48 53 2
49 53 1
50 53 4
51 53 1
52 53 2
53 53 5
54 53 5
55 53 4
56 53 6
57 53 6
58 53 5
59 53 4
60 53 3
61 53 3
62 53 1
63 53 1
64 53 2
65 53 5
66 53 4
67 53 6
68 53 7
69 53 6
70 53 6
71 53 6
72 53 6
73 53 7
74 53 7
75 53 6
76 53 4
77 53 5
78 53 5
79 53 5
80 53 5
81 53 4
82 53 1
83 53 1
84 53 2
85 53 6
86 53 7
87 53 7
88 53 6
89 53 5
90 53 5
91 53 6
92 53 6
93 53 5
94 53 3
95 53 4
96 53 8
97 53 7
98 53 8
99 53 8
0 54 8
1 54 8
2 54 7
3 54 8
4 54 6
5 54 1
6 54 2
7 54 4
8 54 5
9 54 6
10 54 5
11 54 5
12 54 5
13 54 6
14 54 7
15 54 7
16 54 7
17 54 5
18 54 6
19 54 6
20 54 5
21 54 5
22 54 6
23 54 3
24 54 2
25 54 4
26 54 7
27 54 7
28 54 7
29 54 7
30 54 7
31 54 7
32 54 7
33 54 6
34 54 5
35 54 2
36 54 4
37 54 4
38 54 4
39 54 4
40 54 3
41 54 5
42 54 6
43 54 6
44 54 5
45 54 6
46 54 4
47 54 4
48 54 5
49 54 5
50 54 5
51 54 5
52 54 5
53 54 4
54 54 4
55 54 6
56 54 5
57 54 6
58 54 6
59 54 5
60 54 3
61 54 4
62 54 5
63 54 4
64 54 4
65 54 2
66 54 4
67 54 6
68 54 7
69 54 7
70 54 7
71 54 7
72 54 7
73 54 7
74 54 7
75 54 4
76 54 2
77 54 3
78 54 6
79 54 5
80 54 5
81 54 6
82 54 6
83 54 5
84 54 7
85 54 7
86 54 7
87 54 6
88 54 5
89 54 5
90 54 5
91 54 6
92 54 5
93 54 3
94 54 4
95 54 7
96 54 7
97 54 7
98 54 8
99 54 8
0 55 8
1 55 8
2 55 8
3 55 7
4 55 8
5 55 6
6 55 1
7 55 2
8 55 4
9 55 5
10 55 6
11 55 5
12 55 5
13 55 5
14 55 7
15 55 7
16 55 7
17 55 7
18 55 7
19 55 5
20 55 5
21 55 5
22 55 5
23 55 5
24 55 3
25 55 4
26 55 5
27 55 6
28 55 5
29 55 4
30 55 4
31 55 4
32 55 3
33 55 4
34 55 3
35 55 0
36 55 0
37 55 3
38 55 4
39 55 1
40 55 3
41 55 5
42 55 4
43 55 5
44 55 5
45 55 5
46 55 5
47 55 5
48 55 4
49 55 4
50 55 4
51 55 4
52 55 4
53 55 5
54 55 5
55 55 5
56 55 5
57 55 5
58 55 4
59 55 5
60 55 3
61 55 1
62 55 4
63 55 3
64 55 0
65 55 0
66 55 3
67 55 4
68 55 3
69 55 4
70 55 4
71 55 4
72 55 5
73 55 6
74 55 5
75 55 4
76 55 3
77 55 5
78 55 5
79 55 5
80 55 5
81 55 5
82 55 7
83 55 7
84 55 7
85 55 7
86 55 7
87 55 5
88 55 5
89 55 5
90 55 6
91 55 5
92 55 4
93 55 3
94 55 7
95 55 8
96 55 7
97 55 8
98 55 8
99 55 8
0 56 8
1 56 8
2 56 8
3 56 8
4 56 7
5 56 8
6 56 5
7 56 1
8 56 3
9 56 4
10 56 6
11 56 6
12 56 5
13 56 5
14 56 5
15 56 7
16 56 7
17 56 7
18 56 7
19 56 7
20 56 5
21 56 5
22 56 5
23 56 5
24 56 5
25 56 6
26 56 3
27 56 1
28 56 1
29 56 0
30 56 0
31 56 0
32 56 0
33 56 5
34 56 3
35 56 0
36 56 1
37 56 5
38 56 1
39 56 0
40 56 1
41 56 2
42 56 4
43 56 5
44 56 5
45 56 5
46 56 6
47 56 5
48 56 6
49 56 5
50 56 5
51 56 5
52 56 6
53 56 5
54 56 6
55 56 5
56 56 5
57 56 5
58 56 4
59 56 2
60 56 1
61 56 1
62 56 1
63 56 5
64 56 1
65 56 0
66 56 3
67 56 5
68 56 1
69 56 0
70 56 0
71 56 0
72 56 1
73 56 1
74 56 3
75 56 6
76 56 5
77 56 5
78 56 5
79 56 5
80 56 5
81 56 6
82 56 7
83 56 7
84 56 7
85 56 7
86 56 5
87 56 5
88 56 4
89 56 6
90 56 6
91 56 4
92 56 3
93 56 7
94 56 8
95 56 7
96 56 8
97 56 8
98 56 8
99 56 8
0 57 8
1 57 8
2 57 8
3 57 8
4 57 7
5 57 7
6 57 8
7 57 4
8 57 1
9 57 3
10 57 4
11 57 6
12 57 6
13 57 5
14 57 5
15 57 5
16 57 6
17 57 7
18 57 7
19 57 7
20 57 6
21 57 5
22 57 5
23 57 5
24 57 6
25 57 2
26 57 1
27 57 2
28 57 3
29 57 1
30 57 0
31 57 1
32 57 1
33 57 2
34 57 4
35 57 4
36 57 3
37 57 4
38 57 0
39 57 0
40 57 0
41 57 1
42 57 5
43 57 5
44 57 4
45 57 6
46 57 6
47 57 5
48 57 6
49 57 5
50 57 5
51 57 5
52 57 6
53 57 5
54 57 6
55 57 6
56 57 4
57 57 5
58 57 5
59 57 1
60 57 0
61 57 0
62 57 0
63 57 4
64 57 3
65 57 4
66 57 4
67 57 2
68 57 1
69 57 1
70 57 1
71 57 1
72 57 2
73 57 2
74 57 1
75 57 2
76 57 6
77 57 5
78 57 5
79 57 5
80 57 6
81 57 7
82 57 7
83 57 7
84 57 6
85 57 5
86 57 5
87 57 5
88 57 6
89 57 6
90 57 4
91 57 3
92 57 6
93 57 8
94 57 7
95 57 8
96 57 8
97 57 8
98 57 8
99 57 8
0 58 8
1 58 8
2 58 8
3 58 8
4 58 8
5 58 8
6 58 8
7 58 8
8 58 3
9 58 1
10 58 3
11 58 5
12 58 6
13 58 6
14 58 5
15 58 5
16 58 5
17 58 6
18 58 6
19 58 6
20 58 5
21 58 5
22 58 5
23 58 5
24 58 4
25 58 1
26 58 2
27 58 5
28 58 6
29 58 3
30 58 1
31 58 1
32 58 1
33 58 2
34 58 5
35 58 6
36 58 5
37 58 5
38 58 2
39 58 2
40 58 2
41 58 5
42 58 3
43 58 2
44 58 4
45 58 6
46 58 5
47 58 5
48 58 6
49 58 5
50 58 5
51 58 5
52 58 6
53 58 5
54 58 5
55 58 6
56 58 4
57 58 2
58 58 3
59 58 5
60 58 3
61 58 2
62 58 2
63 58 5
64 58 5
65 58 6
66 58 5
67 58 2
68 58 1
69 58 1
70 58 1
71 58 3
72 58 6
73 58 5
74 58 2
75 58 1
76 58 4
77 58 5
78 58 5
79 58 5
80 58 5
81 58 6
82 58 6
83 58 6
84 58 5
85 58 5
86 58 5
87 58 6
88 58 6
89 58 5
90 58 3
91 58 5
92 58 8
93 58 7
94 58 8
95 58 8
96 58 8
97 58 8
98 58 8
99 58 8
0 59 8
1 59 8
2 59 8
3 59 8
4 59 8
5 59 8
6 59 8
7 59 8
8 59 7
9 59 2
10 59 1
11 59 4
12 59 5
13 59 6
14 59 6
15 59 5
16 59 5
17 59 5
18 59 5
19 59 6
20 59 5
21 59 5
22 59 4
23 59 6
24 59 2
25 59 1
26 59 2
27 59 5
28 59 6
29 59 3
30 59 1
31 59 0
32 59 3
33 59 7
34 59 7
35 59 7
36 59 6
37 59 5
38 59 4
39 59 4
40 59 4
41 59 4
42 59 1
43 59 1
44 59 3
45 59 4
46 59 3
47 59 5
48 59 5
49 59 5
50 59 5
51 59 5
52 59 5
53 59 6
54 59 3
55 59 5
56 59 3
57 59 1
58 59 1
59 59 4
60 59 4
61 59 4
62 59 4
63 59 5
64 59 5
65 59 7
66 59 7
67 59 7
68 59 3
69 59 0
70 59 1
71 59 3
72 59 6
73 59 6
74 59 2
75 59 1
76 59 2
77 59 6
78 59 4
79 59 5
80 59 5
81 59 5
82 59 5
83 59 5
84 59 5
85 59 5
86 59 6
87 59 6
88 59 5
89 59 3
90 59 5
91 59 8
92 59 7
93 59 8
94 59 8
95 59 8
96 59 8
97 59 8
98 59 8
99 59 8
0 60 8
1 60 8
2 60 8
3 60 8
4 60 8
5 60 8
6 60 8
7 60 7
8 60 8
9 60 7
10 60 2
11 60 1
12 60 3
13 60 5
14 60 6
15 60 6
16 60 5
17 60 5
18 60 5
19 60 5
20 60 6
21 60 7
22 60 6
23 60 3
24 60 1
25 60 1
26 60 1
27 60 2
28 60 3
29 60 1
30 60 0
31 60 3
32 60 7
33 60 7
34 60 6
35 60 6
36 60 6
37 60 4
38 60 1
39 60 0
40 60 3
41 60 3
42 60 0
43 60 1
44 60 1
45 60 3
46 60 4
47 60 5
48 60 4
49 60 3
50 60 6
51 60 3
52 60 3
53 60 5
54 60 3
55 60 3
56 60 1
57 60 1
58 60 0
59 60 3
60 60 3
61 60 0
62 60 0
63 60 4
64 60 6
65 60 6
66 60 6
67 60 7
68 60 7
69 60 3
70 60 0
71 60 1
72 60 3
73 60 3
74 60 1
75 60 1
76 60 1
77 60 3
78 60 6
79 60 6
80 60 6
81 60 5
82 60 5
83 60 6
84 60 5
85 60 6
86 60 6
87 60 5
88 60 3
89 60 5
90 60 8
91 60 7
92 60 8
93 60 8
94 60 8
95 60 8
96 60 8
97 60 8
98 60 8
99 60 8
0 61 8
1 61 8
2 61 8
3 61 8
4 61 8
5 61 8
6 61 8
7 61 8
8 61 7
9 61 8
10 61 7
11 61 2
12 61 1
13 61 3
14 61 4
15 61 5
16 61 7
17 61 7
18 61 6
19 61 6
20 61 6
21 61 5
22 61 6
23 61 4
24 61 4
25 61 3
26 61 2
27 61 1
28 61 1
29 61 2
30 61 5
31 61 7
32 61 7
33 61 6
34 61 6
35 61 6
36 61 5
37 61 4
38 61 1
39 61 0
40 61 3
41 61 4
42 61 0
43 61 0
44 61 2
45 61 5
46 61 3
47 61 1
48 61 1
49 61 2
50 61 4
51 61 2
52 61 1
53 61 1
54 61 3
55 61 5
56 61 2
57 61 0
58 61 0
59 61 3
60 61 3
61 61 0
62 61 1
63 61 4
64 61 5
65 61 6
66 61 6
67 61 6
68 61 7
69 61 7
70 61 5
71 61 2
72 61 1
73 61 1
74 61 2
75 61 2
76 61 4
77 61 4
78 61 6
79 61 5
80 61 6
81 61 6
82 61 6
83 61 7
84 61 7
85 61 5
86 61 4
87 61 3
88 61 5
89 61 8
90 61 7
91 61 8
92 61 7
93 61 8
94 61 8
95 61 8
96 61 8
97 61 8
98 61 8
99 61 8
0 62 8
1 62 8
2 62 8
3 62 8
4 62 8
5 62 8
6 62 8
7 62 8
8 62 8
9 62 7
10 62 8
11 62 7
12 62 3
13 62 1
14 62 2
15 62 3
16 62 4
17 62 4
18 62 5
19 62 4
20 62 5
21 62 6
22 62 6
23 62 6
24 62 5
25 62 6
26 62 5
27 62 5
28 62 5
29 62 5
30 62 7
31 62 7
32 62 6
33 62 6
34 62 6
35 62 5
36 62 5
37 62 5
38 62 4
39 62 3
40 62 4
41 62 5
42 62 3
43 62 4
44 62 4
45 62 4
46 62 2
47 62 0
48 62 0
49 62 1
50 62 5
51 62 2
52 62 0
53 62 0
54 62 2
55 62 4
56 62 4
57 62 4
58 62 3
59 62 5
60 62 4
61 62 3
62 62 3
63 62 5
64 62 5
65 62 5
66 62 6
67 62 6
68 62 6
69 62 7
70 62 7
71 62 5
72 62 5
73 62 5
74 62 5
75 62 6
76 62 5
77 62 6
78 62 6
79 62 6
80 62 5
81 62 4
82 62 5
83 62 5
84 62 4
85 62 3
86 62 4
87 62 6
88 62 8
89 62 7
90 62 8
91 62 8
92 62 8
93 62 8
94 62 8
95 62 8
96 62 8
97 62 8
98 62 8
99 62 8
0 63 8
1 63 8
2 63 8
3 63 8
4 63 8
5 63 8
6 63 8
7 63 8
8 63 8
9 63 8
10 63 7
11 63 8
12 63 8
13 63 6
14 63 3
15 63 2
16 63 2
17 63 2
18 63 4
19 63 5
20 63 6
21 63 6
22 63 5
23 63 4
24 63 5
25 63 5
26 63 6
27 63 5
28 63 4
29 63 5
30 63 7
31 63 7
32 63 6
33 63 6
34 63 5
35 63 6
36 63 6
37 63 5
38 63 5
39 63 5
40 63 5
41 63 5
42 63 5
43 63 3
44 63 1
45 63 4
46 63 3
47 63 0
48 63 0
49 63 3
50 63 5
51 63 3
52 63 0
53 63 0
54 63 3
55 63 4
56 63 1
57 63 3
58 63 5
59 63 5
60 63 5
61 63 5
62 63 5
63 63 5
64 63 6
65 63 6
66 63 5
67 63 7
68 63 6
69 63 7
70 63 7
71 63 5
72 63 4
73 63 5
74 63 5
75 63 5
76 63 5
77 63 4
78 63 5
79 63 6
80 63 6
81 63 5
82 63 5
83 63 3
84 63 4
85 63 6
86 63 8
87 63 8
88 63 7
89 63 8
90 63 8
91 63 8
92 63 8
93 63 8
94 63 8
95 63 8
96 63 8
97 63 8
98 63 8
99 63 8
0 64 8
1 64 8
2 64 8
3 64 8
4 64 8
5 64 8
6 64 8
7 64 8
8 64 8
9 64 8
10 64 8
11 64 7
12 64 7
13 64 8
14 64 8
15 64 6
16 64 1
17 64 3
18 64 6
19 64 7
20 64 5
21 64 5
22 64 6
23 64 4
24 64 6
25 64 5
26 64 6
27 64 4
28 64 1
29 64 4
30 64 7
31 64 7
32 64 6
33 64 6
34 64 5
35 64 6
36 64 6
37 64 6
38 64 5
39 64 6
40 64 7
41 64 6
42 64 4
43 64 0
44 64 0
45 64 1
46 64 5
47 64 2
48 64 3
49 64 4
50 64 1
51 64 4
52 64 3
53 64 2
54 64 5
55 64 1
56 64 0
57 64 0
58 64 4
59 64 5
60 64 7
61 64 6
62 64 5
63 64 6
64 64 6
65 64 6
66 64 5
67 64 6
68 64 6
69 64 7
70 64 7
71 64 4
72 64 1
73 64 4
74 64 6
75 64 5
76 64 6
77 64 5
78 64 5
79 64 5
80 64 5
81 64 6
82 64 5
83 64 3
84 64 6
85 64 8
86 64 7
87 64 7
88 64 8
89 64 8
90 64 8
91 64 8
92 64 8
93 64 8
94 64 8
95 64 8
96 64 8
97 64 8
98 64 8
99 64 8
0 65 8
1 65 8
2 65 8
3 65 8
4 65 8
5 65 8
6 65 8
7 65 8
8 65 8
9 65 8
10 65 8
11 65 8
12 65 8
13 65 7
14 65 8
15 65 4
16 65 2
17 65 5
18 65 7
19 65 6
20 65 5
21 65 6
22 65 6
23 65 7
24 65 5
25 65 5
26 65 5
27 65 5
28 65 3
29 65 3
30 65 6
31 65 7
32 65 5
33 65 6
34 65 5
35 65 6
36 65 5
37 65 5
38 65 6
39 65 6
40 65 7
41 65 6
42 65 5
43 65 3
44 65 1
45 65 3
46 65 4
47 65 5
48 65 4
49 65 1
50 65 1
51 65 1
52 65 4
53 65 5
54 65 4
55 65 3
56 65 1
57 65 3
58 65 5
59 65 6
60 65 7
61 65 6
62 65 6
63 65 5
64 65 5
65 65 6
66 65 5
67 65 6
68 65 5
69 65 7
70 65 6
71 65 3
72 65 3
73 65 5
74 65 5
75 65 5
76 65 5
77 65 7
78 65 6
79 65 5
80 65 5
81 65 6
82 65 7
83 65 5
84 65 4
85 65 7
86 65 8
87 65 8
88 65 8
89 65 8
90 65 8
91 65 8
92 65 8
93 65 8
94 65 8
95 65 8
96 65 8
97 65 8
98 65 8
99 65 8
0 66 8
1 66 8
2 66 8
3 66 8
4 66 8
5 66 8
6 66 8
7 66 8
8 66 8
9 66 8
10 66 8
11 66 8
12 66 8
13 66 8
14 66 7
15 66 2
16 66 3
17 66 5
18 66 5
19 66 5
20 66 5
21 66 6
22 66 7
23 66 7
24 66 5
25 66 5
26 66 5
27 66 5
28 66 5
29 66 6
30 66 4
31 66 6
32 66 6
33 66 7
34 66 5
35 66 6
36 66 6
37 66 6
38 66 5
39 66 6
40 66 7
41 66 5
42 66 2
43 66 5
44 66 4
45 66 5
46 66 6
47 66 5
48 66 5
49 66 2
50 66 0
51 66 2
52 66 5
53 66 5
54 66 5
55 66 5
56 66 4
57 66 5
58 66 2
59 66 4
60 66 7
61 66 7
62 66 5
63 66 7
64 66 6
65 66 6
66 66 5
67 66 7
68 66 6
69 66 6
70 66 4
71 66 6
72 66 5
73 66 5
74 66 5
75 66 5
76 66 5
77 66 7
78 66 7
79 66 6
80 66 6
81 66 5
82 66 5
83 66 5
84 66 3
85 66 6
86 66 8
87 66 7
88 66 8
89 66 8
90 66 8
91 66 8
92 66 8
93 66 8
94 66 8
95 66 8
96 66 8
97 66 8
98 66 8
99 66 8
0 67 8
1 67 8
2 67 8
3 67 8
4 67 8
5 67 8
6 67 8
7 67 8
8 67 8
9 67 8
10 67 8
11 67 8
12 67 7
13 67 8
14 67 5
15 67 1
16 67 4
17 67 6
18 67 6
19 67 5
20 67 5
21 67 7
22 67 7
23 67 7
24 67 5
25 67 6
26 67 5
27 67 5
28 67 5
29 67 4
30 67 3
31 67 5
32 67 5
33 67 6
34 67 6
35 67 6
36 67 6
37 67 6
38 67 6
39 67 7
40 67 6
41 67 1
42 67 1
43 67 2
44 67 2
45 67 6
46 67 7
47 67 7
48 67 5
49 67 5
50 67 4
51 67 5
52 67 5
53 67 7
54 67 7
55 67 6
56 67 2
57 67 2
58 67 1
59 67 1
60 67 6
61 67 7
62 67 7
63 67 6
64 67 6
65 67 6
66 67 6
67 67 6
68 67 5
69 67 5
70 67 3
71 67 4
72 67 5
73 67 5
74 67 5
75 67 6
76 67 5
77 67 7
78 67 7
79 67 7
80 67 6
81 67 5
82 67 6
83 67 6
84 67 3
85 67 5
86 67 8
87 67 7
88 67 8
89 67 8
90 67 8
91 67 8
92 67 8
93 67 8
94 67 8
95 67 8
96 67 8
97 67 8
98 67 8
99 67 8
0 68 8
1 68 8
2 68 8
3 68 8
4 68 8
5 68 8
6 68 8
7 68 8
8 68 8
9 68 8
10 68 8
11 68 8
12 68 7
13 68 8
14 68 4
15 68 1
16 68 5
17 68 6
18 68 5
19 68 5
20 68 6
21 68 7
22 68 7
23 68 7
24 68 7
25 68 5
26 68 5
27 68 5
28 68 6
29 68 4
30 68 1
31 68 3
32 68 4
33 68 6
34 68 6
35 68 6
36 68 6
37 68 7
38 68 7
39 68 6
40 68 2
41 68 1
42 68 1
43 68 0
44 68 2
45 68 7
46 68 7
47 68 5
48 68 6
49 68 4
50 68 5
51 68 4
52 68 6
53 68 6
54 68 7
55 68 7
56 68 2
57 68 0
58 68 1
59 68 1
60 68 1
61 68 6
62 68 7
63 68 7
64 68 6
65 68 6
66 68 6
67 68 6
68 68 4
69 68 3
70 68 2
71 68 4
72 68 5
73 68 5
74 68 5
75 68 5
76 68 7
77 68 7
78 68 7
79 68 7
80 68 6
81 68 5
82 68 5
83 68 6
84 68 4
85 68 4
86 68 8
87 68 7
88 68 8
89 68 8
90 68 8
91 68 8
92 68 8
93 68 8
94 68 8
95 68 8
96 68 8
97 68 8
98 68 8
99 68 8
0 69 8
1 69 8
2 69 8
3 69 8
4 69 8
5 69 8
6 69 8
7 69 8
8 69 8
9 69 8
10 69 8
11 69 8
12 69 7
13 69 8
14 69 4
15 69 1
16 69 5
17 69 6
18 69 5
19 69 5
20 69 6
21 69 7
22 69 7
23 69 7
24 69 4
25 69 2
26 69 6
27 69 5
28 69 5
29 69 6
30 69 4
31 69 2
32 69 3
33 69 5
34 69 6
35 69 7
36 69 7
37 69 7
38 69 7
39 69 2
40 69 0
41 69 0
42 69 1
43 69 0
44 69 2
45 69 7
46 69 6
47 69 6
48 69 5
49 69 6
50 69 5
51 69 6
52 69 5
53 69 6
54 69 6
55 69 7
56 69 3
57 69 0
58 69 0
59 69 0
60 69 0
61 69 2
62 69 7
63 69 7
64 69 7
65 69 7
66 69 6
67 69 5
68 69 3
69 69 2
70 69 4
71 69 6
72 69 5
73 69 5
74 69 6
75 69 2
76 69 4
77 69 7
78 69 7
79 69 7
80 69 6
81 69 5
82 69 5
83 69 6
84 69 4
85 69 4
86 69 8
87 69 7
88 69 8
89 69 8
90 69 8
91 69 8
92 69 8
93 69 8
94 69 8
95 69 8
96 69 8
97 69 8
98 69 8
99 69 8
0 70 8
1 70 8
2 70 8
3 70 8
4 70 8
5 70 8
6 70 8
7 70 8
8 70 8
9 70 8
10 70 8
11 70 8
12 70 7
13 70 8
14 70 4
15 70 1
16 70 4
17 70 6
18 70 6
19 70 5
20 70 6
21 70 7
22 70 7
23 70 5
24 70 1
25 70 1
26 70 2
27 70 5
28 70 5
29 70 5
30 70 5
31 70 3
32 70 2
33 70 5
34 70 4
35 70 5
36 70 5
37 70 6
38 70 4
39 70 1
40 70 2
41 70 2
42 70 1
43 70 0
44 70 2
45 70 7
46 70 6
47 70 6
48 70 5
49 70 6
50 70 6
51 70 6
52 70 5
53 70 6
54 70 6
55 70 7
56 70 3
57 70 0
58 70 1
59 70 2
60 70 2
61 70 1
62 70 4
63 70 6
64 70 6
65 70 5
66 70 4
67 70 5
68 70 3
69 70 3
70 70 5
71 70 5
72 70 5
73 70 5
74 70 2
75 70 1
76 70 1
77 70 5
78 70 7
79 70 7
80 70 6
81 70 5
82 70 5
83 70 7
84 70 4
85 70 4
86 70 8
87 70 7
88 70 8
89 70 8
90 70 8
91 70 8
92 70 8
93 70 8
94 70 8
95 70 8
96 70 8
97 70 8
98 70 8
99 70 8
0 71 8
1 71 8
2 71 8
3 71 8
4 71 8
5 71 8
6 71 8
7 71 8
8 71 8
9 71 8
10 71 8
11 71 8
12 71 7
13 71 8
14 71 4
15 71 1
16 71 4
17 71 6
18 71 5
19 71 5
20 71 5
21 71 7
22 71 7
23 71 4
24 71 0
25 71 0
26 71 3
27 71 5
28 71 5
29 71 5
30 71 5
31 71 5
32 71 5
33 71 6
34 71 4
35 71 1
36 71 3
37 71 5
38 71 2
39 71 1
40 71 4
41 71 6
42 71 3
43 71 1
44 71 3
45 71 7
46 71 7
47 71 6
48 71 6
49 71 5
50 71 6
51 71 5
52 71 6
53 71 6
54 71 6
55 71 7
56 71 3
57 71 1
58 71 3
59 71 6
60 71 5
61 71 2
62 71 2
63 71 5
64 71 3
65 71 2
66 71 4
67 71 6
68 71 5
69 71 5
70 71 5
71 71 5
72 71 5
73 71 5
74 71 3
75 71 0
76 71 0
77 71 4
78 71 7
79 71 7
80 71 6
81 71 5
82 71 5
83 71 6
84 71 4
85 71 4
86 71 8
87 71 7
88 71 8
89 71 8
90 71 8
91 71 8
92 71 8
93 71 8
94 71 8
95 71 8
96 71 8
97 71 8
98 71 8
99 71 8
0 72 8
1 72 8
2 72 8
3 72 8
4 72 8
5 72 8
6 72 8
7 72 8
8 72 8
9 72 8
10 72 8
11 72 8
12 72 7
13 72 8
14 72 4
15 72 1
16 72 4
17 72 5
18 72 5
19 72 5
20 72 5
21 72 7
22 72 7
23 72 4
24 72 0
25 72 2
26 72 7
27 72 6
28 72 5
29 72 5
30 72 5
31 72 5
32 72 5
33 72 5
34 72 5
35 72 3
36 72 4
37 72 6
38 72 2
39 72 2
40 72 5
41 72 7
42 72 4
43 72 1
44 72 4
45 72 7
46 72 7
47 72 5
48 72 6
49 72 6
50 72 4
51 72 6
52 72 6
53 72 5
54 72 7
55 72 7
56 72 4
57 72 1
58 72 3
59 72 7
60 72 6
61 72 2
62 72 2
63 72 6
64 72 4
65 72 3
66 72 5
67 72 5
68 72 5
69 72 5
70 72 5
71 72 5
72 72 5
73 72 6
74 72 7
75 72 3
76 72 0
77 72 4
78 72 7
79 72 7
80 72 5
81 72 5
82 72 5
83 72 5
84 72 4
85 72 5
86 72 8
87 72 7
88 72 8
89 72 8
90 72 8
91 72 8
92 72 8
93 72 8
94 72 8
95 72 8
96 72 8
97 72 8
98 72 8
99 72 8
0 73 8
1 73 8
2 73 8
3 73 8
4 73 8
5 73 8
6 73 8
7 73 8
8 73 8
9 73 8
10 73 8
11 73 8
12 73 7
13 73 8
14 73 4
15 73 1
16 73 4
17 73 6
18 73 6
19 73 5
20 73 5
21 73 7
22 73 7
23 73 5
24 73 3
25 73 5
26 73 6
27 73 7
28 73 6
29 73 2
30 73 6
31 73 5
32 73 5
33 73 5
34 73 5
35 73 6
36 73 5
37 73 5
38 73 2
39 73 1
40 73 3
41 73 3
42 73 2
43 73 1
44 73 5
45 73 7
46 73 7
47 73 7
48 73 5
49 73 6
50 73 6
51 73 7
52 73 5
53 73 7
54 73 7
55 73 7
56 73 5
57 73 1
58 73 2
59 73 3
60 73 3
61 73 1
62 73 2
63 73 5
64 73 5
65 73 6
66 73 5
67 73 5
68 73 5
69 73 5
70 73 6
71 73 2
72 73 6
73 73 7
74 73 6
75 73 5
76 73 3
77 73 4
78 73 7
79 73 7
80 73 5
81 73 5
82 73 6
83 73 6
84 73 3
85 73 5
86 73 8
87 73 7
88 73 8
89 73 8
90 73 8
91 73 8
92 73 8
93 73 8
94 73 8
95 73 8
96 73 8
97 73 8
98 73 8
99 73 8
0 74 8
1 74 8
2 74 8
3 74 8
4 74 8
5 74 8
6 74 8
7 74 8
8 74 8
9 74 8
10 74 8
11 74 8
12 74 7
13 74 8
14 74 5
15 74 1
16 74 4
17 74 6
18 74 5
19 74 5
20 74 5
21 74 7
22 74 7
23 74 6
24 74 4
25 74 6
26 74 5
27 74 5
28 74 2
29 74 1
30 74 2
31 74 4
32 74 6
33 74 5
34 74 5
35 74 5
36 74 5
37 74 6
38 74 3
39 74 1
40 74 1
41 74 1
42 74 1
43 74 5
44 74 5
45 74 5
46 74 6
47 74 7
48 74 7
49 74 5
50 74 7
51 74 5
52 74 7
53 74 7
54 74 6
55 74 5
56 74 5
57 74 5
58 74 1
59 74 1
60 74 1
61 74 1
62 74 3
63 74 6
64 74 5
65 74 5
66 74 5
67 74 5
68 74 6
69 74 4
70 74 2
71 74 1
72 74 2
73 74 5
74 74 5
75 74 6
76 74 4
77 74 5
78 74 7
79 74 7
80 74 5
81 74 5
82 74 5
83 74 6
84 74 3
85 74 5
86 74 8
87 74 7
88 74 8
89 74 8
90 74 8
91 74 8
92 74 8
93 74 8
94 74 8
95 74 8
96 74 8
97 74 8
98 74 8
99 74 8
0 75 8
1 75 8
2 75 8
3 75 8
4 75 8
5 75 8
6 75 8
7 75 8
8 75 8
9 75 8
10 75 8
11 75 8
12 75 7
13 75 8
14 75 5
15 75 1
16 75 4
17 75 5
18 75 6
19 75 5
20 75 5
21 75 6
22 75 7
23 75 5
24 75 1
25 75 3
26 75 5
27 75 1
28 75 0
29 75 0
30 75 1
31 75 6
32 75 5
33 75 5
34 75 5
35 75 6
36 75 5
37 75 5
38 75 5
39 75 1
40 75 1
41 75 2
42 75 4
43 75 5
44 75 4
45 75 2
46 75 4
47 75 4
48 75 6
49 75 6
50 75 4
51 75 6
52 75 6
53 75 5
54 75 4
55 75 2
56 75 4
57 75 5
58 75 4
59 75 2
60 75 1
61 75 1
62 75 5
63 75 5
64 75 5
65 75 6
66 75 5
67 75 5
68 75 5
69 75 6
70 75 1
71 75 0
72 75 0
73 75 1
74 75 5
75 75 4
76 75 0
77 75 5
78 75 7
79 75 6
80 75 5
81 75 5
82 75 6
83 75 5
84 75 3
85 75 6
86 75 8
87 75 7
88 75 8
89 75 8
90 75 8
91 75 8
92 75 8
93 75 8
94 75 8
95 75 8
96 75 8
97 75 8
98 75 8
99 75 8
0 76 8
1 76 8
2 76 8
3 76 8
4 76 8
5 76 8
6 76 8
7 76 8
8 76 8
9 76 8
10 76 8
11 76 8
12 76 7
13 76 8
14 76 6
15 76 1
16 76 3
17 76 5
18 76 6
19 76 4
20 76 5
21 76 6
22 76 6
23 76 4
24 76 3
25 76 4
26 76 4
27 76 2
28 76 2
29 76 3
30 76 6
31 76 7
32 76 7
33 76 6
34 76 7
35 76 5
36 76 5
37 76 4
38 76 5
39 76 2
40 76 4
41 76 5
42 76 6
43 76 5
44 76 5
45 76 2
46 76 3
47 76 6
48 76 3
49 76 3
50 76 4
51 76 3
52 76 3
53 76 6
54 76 3
55 76 3
56 76 4
57 76 5
58 76 6
59 76 5
60 76 4
61 76 2
62 76 5
63 76 4
64 76 5
65 76 5
66 76 7
67 76 6
68 76 7
69 76 7
70 76 6
71 76 3
72 76 2
73 76 2
74 76 4
75 76 4
76 76 3
77 76 4
78 76 6
79 76 6
80 76 5
81 76 4
82 76 6
83 76 5
84 76 3
85 76 6
86 76 8
87 76 7
88 76 8
89 76 8
90 76 8
91 76 8
92 76 8
93 76 8
94 76 8
95 76 8
96 76 8
97 76 8
98 76 8
99 76 8
0 77 8
1 77 8
2 77 8
3 77 8
4 77 8
5 77 8
6 77 8
7 77 8
8 77 8
9 77 8
10 77 8
11 77 8
12 77 8
13 77 8
14 77 7
15 77 1
16 77 3
17 77 5
18 77 6
19 77 5
20 77 6
21 77 5
22 77 6
23 77 5
24 77 7
25 77 7
26 77 7
27 77 7
28 77 7
29 77 7
30 77 7
31 77 7
32 77 7
33 77 7
34 77 7
35 77 5
36 77 5
37 77 6
38 77 6
39 77 5
40 77 6
41 77 4
42 77 5
43 77 5
44 77 5
45 77 5
46 77 5
47 77 5
48 77 4
49 77 2
50 77 3
51 77 2
52 77 3
53 77 5
54 77 5
55 77 5
56 77 5
57 77 5
58 77 5
59 77 4
60 77 6
61 77 5
62 77 6
63 77 6
64 77 5
65 77 5
66 77 7
67 77 7
68 77 7
69 77 7
70 77 7
71 77 7
72 77 7
73 77 7
74 77 7
75 77 7
76 77 7
77 77 5
78 77 6
79 77 5
80 77 6
81 77 4
82 77 6
83 77 5
84 77 3
85 77 7
86 77 8
87 77 8
88 77 8
89 77 8
90 77 8
91 77 8
92 77 8
93 77 8
94 77 8
95 77 8
96 77 8
97 77 8
98 77 8
99 77 8
0 78 8
1 78 8
2 78 8
3 78 8
4 78 8
5 78 8
6 78 8
7 78 8
8 78 8
9 78 8
10 78 8
11 78 8
12 78 8
13 78 8
14 78 7
15 78 2
16 78 3
17 78 5
18 78 7
19 78 3
20 78 1
21 78 0
22 78 3
23 78 6
24 78 6
25 78 7
26 78 7
27 78 7
28 78 7
29 78 7
30 78 7
31 78 7
32 78 7
33 78 7
34 78 6
35 78 6
36 78 5
37 78 7
38 78 5
39 78 6
40 78 5
41 78 4
42 78 6
43 78 5
44 78 5
45 78 5
46 78 5
47 78 5
48 78 5
49 78 5
50 78 5
51 78 5
52 78 5
53 78 5
54 78 5
55 78 5
56 78 5
57 78 5
58 78 6
59 78 5
60 78 5
61 78 6
62 78 5
63 78 7
64 78 5
65 78 6
66 78 5
67 78 7
68 78 7
69 78 7
70 78 7
71 78 7
72 78 7
73 78 7
74 78 7
75 78 7
76 78 6
77 78 6
78 78 3
79 78 0
80 78 1
81 78 3
82 78 7
83 78 5
84 78 3
85 78 7
86 78 8
87 78 8
88 78 8
89 78 8
90 78 8
91 78 8
92 78 8
93 78 8
94 78 8
95 78 8
96 78 8
97 78 8
98 78 8
99 78 8
0 79 8
1 79 8
2 79 8
3 79 8
4 79 8
5 79 8
6 79 8
7 79 8
8 79 8
9 79 8
10 79 8
11 79 8
12 79 8
13 79 8
14 79 7
15 79 2
16 79 2
17 79 5
18 79 6
19 79 2
20 79 0
21 79 0
22 79 4
23 79 6
24 79 5
25 79 6
26 79 6
27 79 6
28 79 6
29 79 6
30 79 6
31 79 6
32 79 6
33 79 5
34 79 6
35 79 5
36 79 6
37 79 6
38 79 5
39 79 7
40 79 5
41 79 5
42 79 5
43 79 5
44 79 6
45 79 5
46 79 5
47 79 5
48 79 5
49 79 5
50 79 5
51 79 5
52 79 5
53 79 5
54 79 5
55 79 5
56 79 5
57 79 5
58 79 5
59 79 5
60 79 5
61 79 7
62 79 5
63 79 6
64 79 6
65 79 5
66 79 6
67 79 5
68 79 6
69 79 6
70 79 6
71 79 6
72 79 6
73 79 6
74 79 6
75 79 6
76 79 5
77 79 6
78 79 4
79 79 0
80 79 1
81 79 2
82 79 6
83 79 5
84 79 3
85 79 7
86 79 8
87 79 8
88 79 8
89 79 8
90 79 8
91 79 8
92 79 8
93 79 8
94 79 8
95 79 8
96 79 8
97 79 8
98 79 8
99 79 8
0 80 8
1 80 8
2 80 8
3 80 8
4 80 8
5 80 8
6 80 8
7 80 8
8 80 8
9 80 8
10 80 8
11 80 8
12 80 8
13 80 8
14 80 7
15 80 2
16 80 3
17 80 5
18 80 6
19 80 2
20 80 1
21 80 1
22 80 4
23 80 4
24 80 5
25 80 5
26 80 5
27 80 5
28 80 5
29 80 5
30 80 5
31 80 5
32 80 5
33 80 5
34 80 5
35 80 6
36 80 6
37 80 4
38 80 6
39 80 6
40 80 5
41 80 6
42 80 7
43 80 7
44 80 5
45 80 5
46 80 5
47 80 6
48 80 5
49 80 5
50 80 5
51 80 5
52 80 5
53 80 6
54 80 5
55 80 5
56 80 5
57 80 6
58 80 7
59 80 6
60 80 5
61 80 6
62 80 6
63 80 4
64 80 6
65 80 6
66 80 5
67 80 5
68 80 5
69 80 5
70 80 5
71 80 5
72 80 5
73 80 5
74 80 5
75 80 5
76 80 5
77 80 4
78 80 4
79 80 1
80 80 1
81 80 2
82 80 6
83 80 4
84 80 3
85 80 7
86 80 8
87 80 8
88 80 8
89 80 8
90 80 8
91 80 8
92 80 8
93 80 8
94 80 8
95 80 8
96 80 8
97 80 8
98 80 8
99 80 8
0 81 8
1 81 8
2 81 8
3 81 8
4 81 8
5 81 8
6 81 8
7 81 8
8 81 8
9 81 8
10 81 8
11 81 8
12 81 8
13 81 8
14 81 7
15 81 2
16 81 2
17 81 5
18 81 6
19 81 5
20 81 5
21 81 6
22 81 6
23 81 5
24 81 6
25 81 5
26 81 5
27 81 5
28 81 5
29 81 5
30 81 5
31 81 5
32 81 5
33 81 5
34 81 6
35 81 7
36 81 5
37 81 4
38 81 6
39 81 5
40 81 5
41 81 6
42 81 7
43 81 7
44 81 7
45 81 7
46 81 3
47 81 2
48 81 3
49 81 5
50 81 5
51 81 5
52 81 3
53 81 2
54 81 3
55 81 7
56 81 7
57 81 7
58 81 7
59 81 6
60 81 5
61 81 5
62 81 6
63 81 4
64 81 5
65 81 7
66 81 6
67 81 5
68 81 5
69 81 5
70 81 5
71 81 5
72 81 5
73 81 5
74 81 5
75 81 5
76 81 6
77 81 5
78 81 6
79 81 6
80 81 5
81 81 5
82 81 5
83 81 5
84 81 3
85 81 7
86 81 8
87 81 8
88 81 8
89 81 8
90 81 8
91 81 8
92 81 8
93 81 8
94 81 8
95 81 8
96 81 8
97 81 8
98 81 8
99 81 8
0 82 8
1 82 8
2 82 8
3 82 8
4 82 8
5 82 8
6 82 8
7 82 8
8 82 8
9 82 8
10 82 8
11 82 8
12 82 8
13 82 8
14 82 7
15 82 2
16 82 3
17 82 5
18 82 6
19 82 6
20 82 5
21 82 6
22 82 5
23 82 6
24 82 6
25 82 6
26 82 7
27 82 6
28 82 6
29 82 7
30 82 6
31 82 6
32 82 6
33 82 6
34 82 6
35 82 5
36 82 3
37 82 4
38 82 6
39 82 6
40 82 5
41 82 6
42 82 7
43 82 7
44 82 7
45 82 6
46 82 1
47 82 0
48 82 1
49 82 7
50 82 7
51 82 7
52 82 1
53 82 0
54 82 1
55 82 6
56 82 7
57 82 7
58 82 7
59 82 6
60 82 5
61 82 6
62 82 6
63 82 4
64 82 3
65 82 5
66 82 6
67 82 6
68 82 6
69 82 6
70 82 6
71 82 7
72 82 6
73 82 6
74 82 7
75 82 6
76 82 6
77 82 6
78 82 5
79 82 6
80 82 5
81 82 6
82 82 6
83 82 5
84 82 3
85 82 7
86 82 8
87 82 8
88 82 8
89 82 8
90 82 8
91 82 8
92 82 8
93 82 8
94 82 8
95 82 8
96 82 8
97 82 8
98 82 8
99 82 8
0 83 8
1 83 8
2 83 8
3 83 8
4 83 8
5 83 8
6 83 8
7 83 8
8 83 8
9 83 8
10 83 8
11 83 8
12 83 8
13 83 8
14 83 7
15 83 1
16 83 3
17 83 4
18 83 3
19 83 3
20 83 3
21 83 3
22 83 4
23 83 4
24 83 4
25 83 5
26 83 5
27 83 5
28 83 5
29 83 5
30 83 5
31 83 5
32 83 5
33 83 4
34 83 3
35 83 3
36 83 2
37 83 3
38 83 6
39 83 6
40 83 5
41 83 5
42 83 6
43 83 7
44 83 7
45 83 7
46 83 3
47 83 0
48 83 1
49 83 6
50 83 7
51 83 6
52 83 1
53 83 0
54 83 2
55 83 7
56 83 7
57 83 7
58 83 6
59 83 5
60 83 5
61 83 6
62 83 7
63 83 3
64 83 1
65 83 2
66 83 4
67 83 5
68 83 5
69 83 5
70 83 5
71 83 5
72 83 5
73 83 5
74 83 5
75 83 4
76 83 4
77 83 4
78 83 4
79 83 3
80 83 3
81 83 3
82 83 3
83 83 4
84 83 3
85 83 6
86 83 8
87 83 8
88 83 8
89 83 8
90 83 8
91 83 8
92 83 8
93 83 8
94 83 8
95 83 8
96 83 8
97 83 8
98 83 8
99 83 8
0 84 8
1 84 8
2 84 8
3 84 8
4 84 8
5 84 8
6 84 8
7 84 8
8 84 8
9 84 8
10 84 8
11 84 8
12 84 8
13 84 8
14 84 6
15 84 2
16 84 2
17 84 3
18 84 3
19 84 3
20 84 2
21 84 2
22 84 2
23 84 2
24 84 2
25 84 2
26 84 2
27 84 2
28 84 2
29 84 2
30 84 2
31 84 2
32 84 2
33 84 3
34 84 5
35 84 6
36 84 1
37 84 3
38 84 5
39 84 6
40 84 5
41 84 5
42 84 5
43 84 7
44 84 7
45 84 7
46 84 6
47 84 1
48 84 1
49 84 4
50 84 6
51 84 5
52 84 1
53 84 1
54 84 6
55 84 7
56 84 7
57 84 7
58 84 5
59 84 5
60 84 5
61 84 6
62 84 5
63 84 3
64 84 5
65 84 2
66 84 1
67 84 2
68 84 2
69 84 2
70 84 3
71 84 2
72 84 2
73 84 2
74 84 2
75 84 2
76 84 2
77 84 2
78 84 3
79 84 3
80 84 3
81 84 3
82 84 2
83 84 2
84 84 3
85 84 7
86 84 8
87 84 8
88 84 8
89 84 8
90 84 8
91 84 8
92 84 8
93 84 8
94 84 8
95 84 8
96 84 8
97 84 8
98 84 8
99 84 8
0 85 8
1 85 8
2 85 8
3 85 8
4 85 8
5 85 8
6 85 8
7 85 8
8 85 8
9 85 8
10 85 8
11 85 8
12 85 8
13 85 8
14 85 7
15 85 7
16 85 7
17 85 7
18 85 8
19 85 8
20 85 7
21 85 7
22 85 7
23 85 6
24 85 6
25 85 5
26 85 5
27 85 4
28 85 4
29 85 4
30 85 4
31 85 5
32 85 6
33 85 7
34 85 8
35 85 8
36 85 3
37 85 2
38 85 4
39 85 6
40 85 6
41 85 5
42 85 5
43 85 5
44 85 7
45 85 7
46 85 7
47 85 6
48 85 3
49 85 5
50 85 4
51 85 5
52 85 3
53 85 5
54 85 7
55 85 7
56 85 7
57 85 5
58 85 6
59 85 5
60 85 6
61 85 6
62 85 4
63 85 4
64 85 8
65 85 7
66 85 6
67 85 5
68 85 4
69 85 4
70 85 4
71 85 4
72 85 5
73 85 5
74 85 6
75 85 6
76 85 7
77 85 7
78 85 7
79 85 7
80 85 8
81 85 7
82 85 7
83 85 7
84 85 8
85 85 8
86 85 7
87 85 8
88 85 8
89 85 8
90 85 8
91 85 8
92 85 8
93 85 8
94 85 8
95 85 8
96 85 8
97 85 8
98 85 8
99 85 8
0 86 8
1 86 8
2 86 8
3 86 8
4 86 8
5 86 8
6 86 8
7 86 8
8 86 8
9 86 8
10 86 8
11 86 8
12 86 8
13 86 8
14 86 8
15 86 8
16 86 8
17 86 7
18 86 7
19 86 8
20 86 8
21 86 8
22 86 8
23 86 8
24 86 8
25 86 8
26 86 8
27 86 8
28 86 8
29 86 8
30 86 8
31 86 8
32 86 8
33 86 8
34 86 7
35 86 8
36 86 5
37 86 1
38 86 3
39 86 5
40 86 6
41 86 6
42 86 5
43 86 5
44 86 5
45 86 7
46 86 7
47 86 7
48 86 7
49 86 3
50 86 1
51 86 3
52 86 7
53 86 7
54 86 7
55 86 7
56 86 5
57 86 5
58 86 5
59 86 6
60 86 6
61 86 5
62 86 3
63 86 7
64 86 8
65 86 8
66 86 8
67 86 8
68 86 8
69 86 8
70 86 8
71 86 8
72 86 8
73 86 8
74 86 8
75 86 8
76 86 8
77 86 8
78 86 7
79 86 7
80 86 7
81 86 8
82 86 8
83 86 8
84 86 7
85 86 8
86 86 8
87 86 8
88 86 8
89 86 8
90 86 8
91 86 8
92 86 8
93 86 8
94 86 8
95 86 8
96 86 8
97 86 8
98 86 8
99 86 8
0 87 8
1 87 8
2 87 8
3 87 8
4 87 8
5 87 8
6 87 8
7 87 8
8 87 8
9 87 8
10 87 8
11 87 8
12 87 8
13 87 8
14 87 8
15 87 8
16 87 8
17 87 8
18 87 8
19 87 8
20 87 8
21 87 8
22 87 8
23 87 8
24 87 7
25 87 7
26 87 7
27 87 7
28 87 7
29 87 7
30 87 7
31 87 7
32 87 8
33 87 8
34 87 8
35 87 8
36 87 8
37 87 3
38 87 1
39 87 4
40 87 5
41 87 6
42 87 6
43 87 4
44 87 5
45 87 5
46 87 6
47 87 7
48 87 7
49 87 6
50 87 2
51 87 6
52 87 7
53 87 7
54 87 6
55 87 5
56 87 5
57 87 5
58 87 6
59 87 6
60 87 5
61 87 3
62 87 5
63 87 8
64 87 7
65 87 7
66 87 8
67 87 7
68 87 7
69 87 7
70 87 7
71 87 7
72 87 7
73 87 7
74 87 7
75 87 7
76 87 8
77 87 8
78 87 8
79 87 8
80 87 8
81 87 8
82 87 8
83 87 8
84 87 8
85 87 8
86 87 8
87 87 8
88 87 8
89 87 8
90 87 8
91 87 8
92 87 8
93 87 8
94 87 8
95 87 8
96 87 8
97 87 8
98 87 8
99 87 8
0 88 8
1 88 8
2 88 8
3 88 8
4 88 8
5 88 8
6 88 8
7 88 8
8 88 8
9 88 8
10 88 8
11 88 8
12 88 8
13 88 8
14 88 8
15 88 8
16 88 8
17 88 8
18 88 8
19 88 8
20 88 8
21 88 8
22 88 8
23 88 8
24 88 8
25 88 8
26 88 8
27 88 8
28 88 8
29 88 8
30 88 8
31 88 8
32 88 8
33 88 8
34 88 8
35 88 8
36 88 8
37 88 7
38 88 2
39 88 1
40 88 4
41 88 5
42 88 6
43 88 6
44 88 5
45 88 5
46 88 5
47 88 6
48 88 7
49 88 5
50 88 6
51 88 5
52 88 7
53 88 6
54 88 5
55 88 5
56 88 5
57 88 6
58 88 6
59 88 5
60 88 3
61 88 4
62 88 8
63 88 8
64 88 8
65 88 8
66 88 8
67 88 8
68 88 8
69 88 8
70 88 8
71 88 8
72 88 8
73 88 8
74 88 8
75 88 8
76 88 8
77 88 8
78 88 8
79 88 8
80 88 8
81 88 8
82 88 8
83 88 8
84 88 8
85 88 8
86 88 8
87 88 8
88 88 8
89 88 8
90 88 8
91 88 8
92 88 8
93 88 8
94 88 8
95 88 8
96 88 8
97 88 8
98 88 8
99 88 8
0 89 8
1 89 8
2 89 8
3 89 8
4 89 8
5 89 8
6 89 8
7 89 8
8 89 8
9 89 8
10 89 8
11 89 8
12 89 8
13 89 8
14 89 8
15 89 8
16 89 8
17 89 8
18 89 8
19 89 8
20 89 8
21 89 8
22 89 8
23 89 8
24 89 8
25 89 8
26 89 8
27 89 8
28 89 8
29 89 8
30 89 8
31 89 8
32 89 8
33 89 8
34 89 8
35 89 8
36 89 7
37 89 8
38 89 6
39 89 1
40 89 1
41 89 4
42 89 5
43 89 6
44 89 7
45 89 4
46 89 5
47 89 5
48 89 4
49 89 6
50 89 5
51 89 6
52 89 5
53 89 5
54 89 5
55 89 4
56 89 7
57 89 6
58 89 4
59 89 3
60 89 4
61 89 7
62 89 7
63 89 8
64 89 8
65 89 8
66 89 8
67 89 8
68 89 8
69 89 8
70 89 8
71 89 8
72 89 8
73 89 8
74 89 8
75 89 8
76 89 8
77 89 8
78 89 8
79 89 8
80 89 8
81 89 8
82 89 8
83 89 8
84 89 8
85 89 8
86 89 8
87 89 8
88 89 8
89 89 8
90 89 8
91 89 8
92 89 8
93 89 8
94 89 8
95 89 8
96 89 8
97 89 8
98 89 8
99 89 8
0 90 8
1 90 8
2 90 8
3 90 8
4 90 8
5 90 8
6 90 8
7 90 8
8 90 8
9 90 8
10 90 8
11 90 8
12 90 8
13 90 8
14 90 8
15 90 8
16 90 8
17 90 8
18 90 8
19 90 8
20 90 8
21 90 8
22 90 8
23 90 8
24 90 8
25 90 8
26 90 8
27 90 8
28 90 8
29 90 8
30 90 8
31 90 8
32 90 8
33 90 8
34 90 8
35 90 8
36 90 8
37 90 7
38 90 8
39 90 6
40 90 2
41 90 1
42 90 4
43 90 4
44 90 6
45 90 6
46 90 5
47 90 4
48 90 6
49 90 4
50 90 0
51 90 4
52 90 7
53 90 4
54 90 5
55 90 6
56 90 6
57 90 4
58 90 3
59 90 4
60 90 8
61 90 7
62 90 7
63 90 7
64 90 8
65 90 8
66 90 8
67 90 8
68 90 8
69 90 8
70 90 8
71 90 8
72 90 8
73 90 8
74 90 8
75 90 8
76 90 8
77 90 8
78 90 8
79 90 8
80 90 8
81 90 8
82 90 8
83 90 8
84 90 8
85 90 8
86 90 8
87 90 8
88 90 8
89 90 8
90 90 8
91 90 8
92 90 8
93 90 8
94 90 8
95 90 8
96 90 8
97 90 8
98 90 8
99 90 8
0 91 8
1 91 8
2 91 8
3 91 8
4 91 8
5 91 8
6 91 8
7 91 8
8 91 8
9 91 8
10 91 8
11 91 8
12 91 8
13 91 8
14 91 8
15 91 8
16 91 8
17 91 8
18 91 8
19 91 8
20 91 8
21 91 8
22 91 8
23 91 8
24 91 8
25 91 8
26 91 8
27 91 8
28 91 8
29 91 8
30 91 8
31 91 8
32 91 8
33 91 8
34 91 8
35 91 8
36 91 8
37 91 8
38 91 7
39 91 8
40 91 7
41 91 2
42 91 1
43 91 3
44 91 4
45 91 5
46 91 7
47 91 5
48 91 4
49 91 1
50 91 0
51 91 1
52 91 4
53 91 5
54 91 7
55 91 5
56 91 4
57 91 3
58 91 5
59 91 8
60 91 8
61 91 7
62 91 8
63 91 8
64 91 8
65 91 8
66 91 8
67 91 8
68 91 8
69 91 8
70 91 8
71 91 8
72 91 8
73 91 8
74 91 8
75 91 8
76 91 8
77 91 8
78 91 8
79 91 8
80 91 8
81 91 8
82 91 8
83 91 8
84 91 8
85 91 8
86 91 8
87 91 8
88 91 8
89 91 8
90 91 8
91 91 8
92 91 8
93 91 8
94 91 8
95 91 8
96 91 8
97 91 8
98 91 8
99 91 8
0 92 8
1 92 8
2 92 8
3 92 8
4 92 8
5 92 8
6 92 8
7 92 8
8 92 8
9 92 8
10 92 8
11 92 8
12 92 8
13 92 8
14 92 8
15 92 8
16 92 8
17 92 8
18 92 8
19 92 8
20 92 8
21 92 8
22 92 8
23 92 8
24 92 8
25 92 8
26 92 8
27 92 8
28 92 8
29 92 8
30 92 8
31 92 8
32 92 8
33 92 8
34 92 8
35 92 8
36 92 8
37 92 8
38 92 8
39 92 7
40 92 8
41 92 7
42 92 3
43 92 1
44 92 3
45 92 4
46 92 5
47 92 6
48 92 5
49 92 1
50 92 1
51 92 1
52 92 5
53 92 6
54 92 5
55 92 4
56 92 3
57 92 6
58 92 8
59 92 7
60 92 8
61 92 8
62 92 8
63 92 8
64 92 8
65 92 8
66 92 8
67 92 8
68 92 8
69 92 8
70 92 8
71 92 8
72 92 8
73 92 8
74 92 8
75 92 8
76 92 8
77 92 8
78 92 8
79 92 8
80 92 8
81 92 8
82 92 8
83 92 8
84 92 8
85 92 8
86 92 8
87 92 8
88 92 8
89 92 8
90 92 8
91 92 8
92 92 8
93 92 8
94 92 8
95 92 8
96 92 8
97 92 8
98 92 8
99 92 8
0 93 8
1 93 8
2 93 8
3 93 8
4 93 8
5 93 8
6 93 8
7 93 8
8 93 8
9 93 8
10 93 8
11 93 8
12 93 8
13 93 8
14 93 8
15 93 8
16 93 8
17 93 8
18 93 8
19 93 8
20 93 8
21 93 8
22 93 8
23 93 8
24 93 8
25 93 8
26 93 8
27 93 8
28 93 8
29 93 8
30 93 8
31 93 8
32 93 8
33 93 8
34 93 8
35 93 8
36 93 8
37 93 8
38 93 8
39 93 8
40 93 7
41 93 8
42 93 8
43 93 4
44 93 1
45 93 2
46 93 4
47 93 5
48 93 6
49 93 4
50 93 1
51 93 4
52 93 6
53 93 5
54 93 3
55 93 3
56 93 7
57 93 8
58 93 7
59 93 8
60 93 8
61 93 8
62 93 8
63 93 8
64 93 8
65 93 8
66 93 8
67 93 8
68 93 8
69 93 8
70 93 8
71 93 8
72 93 8
73 93 8
74 93 8
75 93 8
76 93 8
77 93 8
78 93 8
79 93 8
80 93 8
81 93 8
82 93 8
83 93 8
84 93 8
85 93 8
86 93 8
87 93 8
88 93 8
89 93 8
90 93 8
91 93 8
92 93 8
93 93 8
94 93 8
95 93 8
96 93 8
97 93 8
98 93 8
99 93 8
0 94 8
1 94 8
2 94 8
3 94 8
4 94 8
5 94 8
6 94 8
7 94 8
8 94 8
9 94 8
10 94 8
11 94 8
12 94 8
13 94 8
14 94 8
15 94 8
16 94 8
17 94 8
18 94 8
19 94 8
20 94 8
21 94 8
22 94 8
23 94 8
24 94 8
25 94 8
26 94 8
27 94 8
28 94 8
29 94 8
30 94 8
31 94 8
32 94 8
33 94 8
34 94 8
35 94 8
36 94 8
37 94 8
38 94 8
39 94 8
40 94 8
41 94 7
42 94 8
43 94 8
44 94 5
45 94 1
46 94 2
47 94 4
48 94 4
49 94 6
50 94 5
51 94 6
52 94 4
53 94 3
54 94 4
55 94 7
56 94 8
57 94 7
58 94 8
59 94 8
60 94 8
61 94 8
62 94 8
63 94 8
64 94 8
65 94 8
66 94 8
67 94 8
68 94 8
69 94 8
70 94 8
71 94 8
72 94 8
73 94 8
74 94 8
75 94 8
76 94 8
77 94 8
78 94 8
79 94 8
80 94 8
81 94 8
82 94 8
83 94 8
84 94 8
85 94 8
86 94 8
87 94 8
88 94 8
89 94 8
90 94 8
91 94 8
92 94 8
93 94 8
94 94 8
95 94 8
96 94 8
97 94 8
98 94 8
99 94 8
0 95 8
1 95 8
2 95 8
3 95 8
4 95 8
5 95 8
6 95 8
7 95 8
8 95 8
9 95 8
10 95 8
11 95 8
12 95 8
13 95 8
14 95 8
15 95 8
16 95 8
17 95 8
18 95 8
19 95 8
20 95 8
21 95 8
22 95 8
23 95 8
24 95 8
25 95 8
26 95 8
27 95 8
28 95 8
29 95 8
30 95 8
31 95 8
32 95 8
33 95 8
34 95 8
35 95 8
36 95 8
37 95 8
38 95 8
39 95 8
40 95 8
41 95 8
42 95 8
43 95 7
44 95 8
45 95 6
46 95 2
47 95 2
48 95 4
49 95 4
50 95 6
51 95 5
52 95 3
53 95 4
54 95 8
55 95 8
56 95 7
57 95 8
58 95 8
59 95 8
60 95 8
61 95 8
62 95 8
63 95 8
64 95 8
65 95 8
66 95 8
67 95 8
68 95 8
69 95 8
70 95 8
71 95 8
72 95 8
73 95 8
74 95 8
75 95 8
76 95 8
77 95 8
78 95 8
79 95 8
80 95 8
81 95 8
82 95 8
83 95 8
84 95 8
85 95 8
86 95 8
87 95 8
88 95 8
89 95 8
90 95 8
91 95 8
92 95 8
93 95 8
94 95 8
95 95 8
96 95 8
97 95 8
98 95 8
99 95 8
0 96 8
1 96 8
2 96 8
3 96 8
4 96 8
5 96 8
6 96 8
7 96 8
8 96 8
9 96 8
10 96 8
11 96 8
12 96 8
13 96 8
14 96 8
15 96 8
16 96 8
17 96 8
18 96 8
19 96 8
20 96 8
21 96 8
22 96 8
23 96 8
24 96 8
25 96 8
26 96 8
27 96 8
28 96 8
29 96 8
30 96 8
31 96 8
32 96 8
33 96 8
34 96 8
35 96 8
36 96 8
37 96 8
38 96 8
39 96 8
40 96 8
41 96 8
42 96 8
43 96 8
44 96 7
45 96 8
46 96 6
47 96 2
48 96 2
49 96 4
50 96 5
51 96 3
52 96 4
53 96 8
54 96 8
55 96 7
56 96 8
57 96 8
58 96 8
59 96 8
60 96 8
61 96 8
62 96 8
63 96 8
64 96 8
65 96 8
66 96 8
67 96 8
68 96 8
69 96 8
70 96 8
71 96 8
72 96 8
73 96 8
74 96 8
75 96 8
76 96 8
77 96 8
78 96 8
79 96 8
80 96 8
81 96 8
82 96 8
83 96 8
84 96 8
85 96 8
86 96 8
87 96 8
88 96 8
89 96 8
90 96 8
91 96 8
92 96 8
93 96 8
94 96 8
95 96 8
96 96 8
97 96 8
98 96 8
99 96 8
0 97 8
1 97 8
2 97 8
3 97 8
4 97 8
5 97 8
6 97 8
7 97 8
8 97 8
9 97 8
10 97 8
11 97 8
12 97 8
13 97 8
14 97 8
15 97 8
16 97 8
17 97 8
18 97 8
19 97 8
20 97 8
21 97 8
22 97 8
23 97 8
24 97 8
25 97 8
26 97 8
27 97 8
28 97 8
29 97 8
30 97 8
31 97 8
32 97 8
33 97 8
34 97 8
35 97 8
36 97 8
37 97 8
38 97 8
39 97 8
40 97 8
41 97 8
42 97 8
43 97 8
44 97 8
45 97 7
46 97 8
47 97 6
48 97 1
49 97 2
50 97 3
51 97 4
52 97 7
53 97 8
54 97 7
55 97 8
56 97 8
57 97 8
58 97 8
59 97 8
60 97 8
61 97 8
62 97 8
63 97 8
64 97 8
65 97 8
66 97 8
67 97 8
68 97 8
69 97 8
70 97 8
71 97 8
72 97 8
73 97 8
74 97 8
75 97 8
76 97 8
77 97 8
78 97 8
79 97 8
80 97 8
81 97 8
82 97 8
83 97 8
84 97 8
85 97 8
86 97 8
87 97 8
88 97 8
89 97 8
90 97 8
91 97 8
92 97 8
93 97 8
94 97 8
95 97 8
96 97 8
97 97 8
98 97 8
99 97 8
0 98 8
1 98 8
2 98 8
3 98 8
4 98 8
5 98 8
6 98 8
7 98 8
8 98 8
9 98 8
10 98 8
11 98 8
12 98 8
13 98 8
14 98 8
15 98 8
16 98 8
17 98 8
18 98 8
19 98 8
20 98 8
21 98 8
22 98 8
23 98 8
24 98 8
25 98 8
26 98 8
27 98 8
28 98 8
29 98 8
30 98 8
31 98 8
32 98 8
33 98 8
34 98 8
35 98 8
36 98 8
37 98 8
38 98 8
39 98 8
40 98 8
41 98 8
42 98 8
43 98 8
44 98 8
45 98 8
46 98 7
47 98 8
48 98 5
49 98 1
50 98 2
51 98 7
52 98 8
53 98 7
54 98 8
55 98 8
56 98 8
57 98 8
58 98 8
59 98 8
60 98 8
61 98 8
62 98 8
63 98 8
64 98 8
65 98 8
66 98 8
67 98 8
68 98 8
69 98 8
70 98 8
71 98 8
72 98 8
73 98 8
74 98 8
75 98 8
76 98 8
77 98 8
78 98 8
79 98 8
80 98 8
81 98 8
82 98 8
83 98 8
84 98 8
85 98 8
86 98 8
87 98 8
88 98 8
89 98 8
90 98 8
91 98 8
92 98 8
93 98 8
94 98 8
95 98 8
96 98 8
97 98 8
98 98 8
99 98 8
0 99 8
1 99 8
2 99 8
3 99 8
4 99 8
5 99 8
6 99 8
7 99 8
8 99 8
9 99 8
10 99 8
11 99 8
12 99 8
13 99 8
14 99 8
15 99 8
16 99 8
17 99 8
18 99 8
19 99 8
20 99 8
21 99 8
22 99 8
23 99 8
24 99 8
25 99 8
26 99 8
27 99 8
28 99 8
29 99 8
30 99 8
31 99 8
32 99 8
33 99 8
34 99 8
35 99 8
36 99 8
37 99 8
38 99 8
39 99 8
40 99 8
41 99 8
42 99 8
43 99 8
44 99 8
45 99 8
46 99 8
47 99 8
48 99 8
49 99 6
50 99 7
51 99 8
52 99 7
53 99 8
54 99 8
55 99 8
56 99 8
57 99 8
58 99 8
59 99 8
60 99 8
61 99 8
62 99 8
63 99 8
64 99 8
65 99 8
66 99 8
67 99 8
68 99 8
69 99 8
70 99 8
71 99 8
72 99 8
73 99 8
74 99 8
75 99 8
76 99 8
77 99 8
78 99 8
79 99 8
80 99 8
81 99 8
82 99 8
83 99 8
84 99 8
85 99 8
86 99 8
87 99 8
88 99 8
89 99 8
90 99 8
91 99 8
92 99 8
93 99 8
94 99 8
95 99 8
96 99 8
97 99 8
98 99 8
99 99 8
